# <defaultcodec>utf-8</defaultcodec>
Statistikexport
Zeit [s]; Dehnung (Mittelwert): Epsilon Y [%]; Querdehnung (Mittelwert): Epsilon X [%]; Verformung 1: Länge Y-Differenz [mm]
0,00000000e+00; 0,00000000e+00; 0,00000000e+00; 0,00000000e+00
2,00000000e-01; 3,50430006e-04; -5,73294115e-05; 8,50713489e-04
4,00000000e-01; -8,21509197e-05; -5,29915534e-04; 4,59908728e-04
6,00000000e-01; 3,87150645e-04; 7,56595607e-04; 2,33142059e-04
8,00000000e-01; -6,18309015e-05; -3,52940416e-04; -2,38779967e-04
1,00000000e+00; -5,13277123e-04; 9,83920295e-05; 2,68022752e-04
1,20000000e+00; -1,76815552e-04; 3,47982670e-04; -5,33857312e-04
1,40000000e+00; -7,00442278e-04; 7,01471888e-05; 3,18719093e-04
1,60000000e+00; -9,65117103e-04; -3,39939801e-06; 1,38104563e-04
1,80000000e+00; -2,81236133e-04; 7,37718615e-05; -8,17227710e-04
2,00000000e+00; -7,80283362e-04; 2,05716356e-04; -4,11973488e-04
2,20000000e+00; -9,40350821e-05; -3,39482182e-04; 4,06603637e-04
2,40000000e+00; 6,05465613e-04; -9,13902395e-04; 1,33606970e-03
2,60000000e+00; 1,11557821e-03; -3,57069246e-04; 3,38137781e-04
2,80000000e+00; 1,19664146e-03; -4,52672716e-04; 3,12776991e-04
3,00000000e+00; 1,30602043e-03; -7,08486348e-04; 4,26311761e-04
3,20000000e+00; 1,35895513e-03; -1,93255599e-04; 1,10767694e-03
3,40000000e+00; 1,19567024e-03; -8,05402015e-04; 5,20093273e-04
3,60000000e+00; 5,70875645e-04; -3,34199122e-04; 4,76241431e-04
3,80000000e+00; 5,16708993e-04; -6,59902242e-04; 1,23596369e-03
4,00000000e+00; 5,65453198e-04; -1,58213440e-03; 1,56295157e-05
4,20000000e+00; 7,08839551e-04; -1,33302334e-03; 7,55492095e-04
4,40000000e+00; 7,17568262e-04; -1,21817672e-03; 2,17304279e-04
4,60000000e+00; 9,93286655e-04; -7,45059002e-04; 5,51449217e-04
4,80000000e+00; 9,86219366e-04; -8,43820942e-04; 6,92951326e-04
5,00000000e+00; 1,23574318e-03; -5,76046832e-04; -7,34922691e-05
5,20000000e+00; 9,15235980e-04; -1,15031943e-03; 1,69133801e-03
5,40000000e+00; 8,77980185e-04; -8,19396309e-04; 5,80718877e-04
5,60000000e+00; 9,92595892e-04; -7,29762588e-04; 1,09772630e-03
5,80000000e+00; 1,10798942e-03; -7,54044758e-04; 1,87720060e-04
6,00000000e+00; 1,26733003e-03; -1,00686066e-03; -3,21038720e-04
6,20000000e+00; 1,47342554e-03; -9,38445474e-04; 5,50584254e-04
6,40000000e+00; 2,03318105e-03; -9,06239721e-04; 1,40487188e-03
6,60000000e+00; 3,10526996e-03; -1,71829205e-03; 1,33782607e-03
6,80000000e+00; 3,99171500e-03; -1,70882610e-03; 2,04344005e-03
7,00000000e+00; 4,16294201e-03; -1,93079601e-03; 2,63467018e-03
7,20000000e+00; 4,43927545e-03; -2,23062576e-03; 2,28042899e-03
7,40000000e+00; 4,06909980e-03; -1,55923128e-03; 1,73728614e-03
7,60000000e+00; 4,90906659e-03; -1,83544068e-03; 1,84752789e-03
7,80000000e+00; 5,23370414e-03; -2,26441042e-03; 3,48962471e-03
8,00000000e+00; 5,58090686e-03; -2,31650830e-03; 2,97025612e-03
8,20000000e+00; 5,45589475e-03; -2,52830888e-03; 3,08971434e-03
8,40000000e+00; 6,59517620e-03; -2,85270554e-03; 2,79311877e-03
8,60000000e+00; 6,35041841e-03; -2,60006435e-03; 1,83150648e-03
8,80000000e+00; 6,81236000e-03; -2,67363705e-03; 3,34227651e-03
9,00000000e+00; 7,24591936e-03; -2,74226065e-03; 4,06874870e-03
9,20000000e+00; 7,82620680e-03; -2,71702764e-03; 3,39308723e-03
9,40000000e+00; 7,94560719e-03; -3,02698864e-03; 2,40484764e-03
9,60000000e+00; 7,87849093e-03; -3,16663822e-03; 3,38423709e-03
9,80000000e+00; 8,47394760e-03; -2,59451917e-03; 4,32242185e-03
1,00000000e+01; 9,34032677e-03; -2,77863133e-03; 3,13000922e-03
1,02000000e+01; 9,38426234e-03; -4,06394128e-03; 2,90436719e-03
1,04000000e+01; 8,54289896e-03; -3,70448011e-03; 3,41907106e-03
1,06000000e+01; 8,71622798e-03; -3,55397313e-03; 4,71759329e-03
1,08000000e+01; 1,00902258e-02; -3,40996852e-03; 4,82494609e-03
1,10000000e+01; 1,01462355e-02; -3,60704918e-03; 4,97607637e-03
1,12000000e+01; 9,59624638e-03; -3,41486025e-03; 4,05307446e-03
1,14000000e+01; 9,28103317e-03; -3,57662467e-03; 3,22703759e-03
1,16000000e+01; 9,80796003e-03; -4,00318248e-03; 4,89936957e-03
1,18000000e+01; 9,58448494e-03; -2,79913123e-03; 4,75261538e-03
1,20000000e+01; 9,96545794e-03; -3,38706774e-03; 3,83909060e-03
1,22000000e+01; 9,89684163e-03; -3,58951677e-03; 3,99448162e-03
1,24000000e+01; 1,03527711e-02; -3,37088889e-03; 4,29232831e-03
1,26000000e+01; 9,38379455e-03; -3,40679325e-03; 4,57379721e-03
1,28000000e+01; 9,81326068e-03; -3,46669911e-03; 4,39099918e-03
1,30000000e+01; 9,53741032e-03; -3,18242421e-03; 4,04859383e-03
1,32000000e+01; 9,85067732e-03; -2,81877740e-03; 3,49054629e-03
1,34000000e+01; 1,00110917e-02; -3,05677256e-03; 4,61502070e-03
1,36000000e+01; 9,50106125e-03; -3,49100523e-03; 4,33114251e-03
1,38000000e+01; 8,84274385e-03; -3,17035367e-03; 3,99799706e-03
1,40000000e+01; 9,80199583e-03; -3,47220679e-03; 3,54400258e-03
1,42000000e+01; 9,53199156e-03; -3,59480679e-03; 5,29566440e-03
1,44000000e+01; 9,56845377e-03; -3,00051085e-03; 4,13130507e-03
1,46000000e+01; 8,72217721e-03; -3,43044240e-03; 4,34706386e-03
1,48000000e+01; 9,87643135e-03; -3,17433707e-03; 4,12915378e-03
1,50000000e+01; 9,80065154e-03; -2,61305636e-03; 4,25278070e-03
1,52000000e+01; 9,55196464e-03; -2,95204170e-03; 4,83580815e-03
1,54000000e+01; 9,29435985e-03; -3,50198085e-03; 5,30971395e-03
1,56000000e+01; 9,28383096e-03; -2,25287750e-03; 4,93751689e-03
1,58000000e+01; 9,21770553e-03; -3,66297964e-03; 4,65374291e-03
1,60000000e+01; 9,79957026e-03; -2,80472309e-03; 5,04184488e-03
1,62000000e+01; 1,01764456e-02; -3,54797184e-03; 4,48681905e-03
1,64000000e+01; 9,37060869e-03; -2,95228722e-03; 4,07357047e-03
1,66000000e+01; 9,92997483e-03; -3,68599369e-03; 4,89906382e-03
1,68000000e+01; 1,05138993e-02; -4,20220245e-03; 4,21080157e-03
1,70000000e+01; 1,09870613e-02; -3,21150890e-03; 5,42076384e-03
1,72000000e+01; 1,12879280e-02; -4,00448301e-03; 4,51225944e-03
1,74000000e+01; 1,03787747e-02; -4,17200591e-03; 4,61937461e-03
1,76000000e+01; 1,18332888e-02; -4,47177135e-03; 4,79283205e-03
1,78000000e+01; 1,32519437e-02; -4,70232077e-03; 4,97108758e-03
1,80000000e+01; 1,24863746e-02; -4,93297782e-03; 5,48189466e-03
1,82000000e+01; 1,43957549e-02; -4,53362180e-03; 6,42943023e-03
1,84000000e+01; 1,53897163e-02; -4,90068605e-03; 5,59394801e-03
1,86000000e+01; 1,58091492e-02; -5,31616992e-03; 6,55599502e-03
1,88000000e+01; 1,66874703e-02; -5,10712857e-03; 7,48297933e-03
1,90000000e+01; 1,70414753e-02; -4,82757559e-03; 7,38078325e-03
1,92000000e+01; 1,77572430e-02; -4,70170226e-03; 6,52773747e-03
1,94000000e+01; 1,82718563e-02; -6,25976916e-03; 7,64214261e-03
1,96000000e+01; 1,91225373e-02; -5,78026156e-03; 7,83554022e-03
1,98000000e+01; 2,01851117e-02; -6,75459389e-03; 7,79915687e-03
2,00000000e+01; 2,15299386e-02; -6,05381626e-03; 7,93370287e-03
2,02000000e+01; 2,10333227e-02; -6,15997875e-03; 9,28815229e-03
2,04000000e+01; 2,23400262e-02; -7,23525868e-03; 9,26910689e-03
2,06000000e+01; 2,30747779e-02; -7,31385238e-03; 8,44170214e-03
2,08000000e+01; 2,33808321e-02; -7,54179881e-03; 9,65126780e-03
2,10000000e+01; 2,45408582e-02; -8,08054276e-03; 9,92376964e-03
2,12000000e+01; 2,55350626e-02; -7,77891390e-03; 1,04123277e-02
2,14000000e+01; 2,62472304e-02; -7,92065895e-03; 1,17631916e-02
2,16000000e+01; 2,67016468e-02; -8,28849309e-03; 1,09956915e-02
2,18000000e+01; 2,69805153e-02; -8,37559128e-03; 1,05024727e-02
2,20000000e+01; 2,83996436e-02; -8,53349889e-03; 1,18691622e-02
2,22000000e+01; 2,91198645e-02; -8,85021405e-03; 1,19502964e-02
2,24000000e+01; 2,91506291e-02; -9,20077790e-03; 1,24033321e-02
2,26000000e+01; 3,10344473e-02; -9,59938655e-03; 1,26890162e-02
2,28000000e+01; 3,08961307e-02; -9,82134088e-03; 1,35899435e-02
2,30000000e+01; 3,21699987e-02; -9,78626921e-03; 1,39513330e-02
2,32000000e+01; 3,31047289e-02; -1,03076691e-02; 1,36375267e-02
2,34000000e+01; 3,40247109e-02; -1,05262596e-02; 1,41085386e-02
2,36000000e+01; 3,45632696e-02; -1,04101372e-02; 1,40055912e-02
2,38000000e+01; 3,61907018e-02; -1,04376495e-02; 1,49871028e-02
2,40000000e+01; 3,67354175e-02; -1,06185389e-02; 1,61023129e-02
2,42000000e+01; 3,81799871e-02; -1,13548538e-02; 1,62772907e-02
2,44000000e+01; 3,90665682e-02; -1,08772871e-02; 1,70780432e-02
2,46000000e+01; 3,96381322e-02; -1,23374572e-02; 1,72732061e-02
2,48000000e+01; 4,12735230e-02; -1,25591619e-02; 1,64937383e-02
2,50000000e+01; 4,25946426e-02; -1,28305373e-02; 1,66317368e-02
2,52000000e+01; 4,33982453e-02; -1,21763999e-02; 1,83203412e-02
2,54000000e+01; 4,40255250e-02; -1,36289536e-02; 1,85262307e-02
2,56000000e+01; 4,51697555e-02; -1,31890912e-02; 1,85514753e-02
2,58000000e+01; 4,60969424e-02; -1,33571120e-02; 1,90564742e-02
2,60000000e+01; 4,73403460e-02; -1,36263112e-02; 2,01089978e-02
2,62000000e+01; 4,82243194e-02; -1,36613476e-02; 2,00231592e-02
2,64000000e+01; 4,92848401e-02; -1,40847411e-02; 2,03595114e-02
2,66000000e+01; 5,05891647e-02; -1,43564865e-02; 2,16682254e-02
2,68000000e+01; 5,18006266e-02; -1,51593823e-02; 2,18855407e-02
2,70000000e+01; 5,27882508e-02; -1,56544997e-02; 2,15755502e-02
2,72000000e+01; 5,33748964e-02; -1,56873507e-02; 2,24062233e-02
2,74000000e+01; 5,47172854e-02; -1,60907211e-02; 2,33668678e-02
2,76000000e+01; 5,61041634e-02; -1,72059800e-02; 2,30039619e-02
2,78000000e+01; 5,68537335e-02; -1,65697662e-02; 2,44202854e-02
2,80000000e+01; 5,81378074e-02; -1,69028686e-02; 2,43240107e-02
2,82000000e+01; 5,93763485e-02; -1,72529233e-02; 2,44944415e-02
2,84000000e+01; 6,02972230e-02; -1,77482255e-02; 2,54944677e-02
2,86000000e+01; 6,16986422e-02; -1,82772495e-02; 2,60000409e-02
2,88000000e+01; 6,28225597e-02; -1,88435858e-02; 2,59965761e-02
2,90000000e+01; 6,34604210e-02; -1,87545148e-02; 2,65515383e-02
2,92000000e+01; 6,58549966e-02; -1,86588307e-02; 2,76360632e-02
2,94000000e+01; 6,69044788e-02; -2,03101175e-02; 2,86171668e-02
2,96000000e+01; 6,74812498e-02; -2,02923485e-02; 2,87179868e-02
2,98000000e+01; 6,85384002e-02; -2,01869920e-02; 2,87183363e-02
3,00000000e+01; 6,93826465e-02; -2,02573625e-02; 2,95069769e-02
3,02000000e+01; 7,07375543e-02; -2,06919310e-02; 2,99111100e-02
3,04000000e+01; 7,24757864e-02; -2,02346444e-02; 3,02189656e-02
3,06000000e+01; 7,32176671e-02; -2,05987505e-02; 3,10918546e-02
3,08000000e+01; 7,46848229e-02; -2,17284403e-02; 3,22647913e-02
3,10000000e+01; 7,58281594e-02; -2,20759436e-02; 3,12606215e-02
3,12000000e+01; 7,63983008e-02; -2,21774459e-02; 3,16135354e-02
3,14000000e+01; 7,82956490e-02; -2,29731199e-02; 3,38748841e-02
3,16000000e+01; 7,92110096e-02; -2,29812883e-02; 3,30214888e-02
3,18000000e+01; 8,09297678e-02; -2,29051040e-02; 3,38757385e-02
3,20000000e+01; 8,14210388e-02; -2,30104145e-02; 3,43356154e-02
3,22000000e+01; 8,31116401e-02; -2,44554315e-02; 3,49262340e-02
3,24000000e+01; 8,40831681e-02; -2,44906288e-02; 3,48304707e-02
3,26000000e+01; 8,56445898e-02; -2,41406507e-02; 3,59427264e-02
3,28000000e+01; 8,69652650e-02; -2,48931371e-02; 3,69921486e-02
3,30000000e+01; 8,73026407e-02; -2,52302650e-02; 3,55423329e-02
3,32000000e+01; 8,84851267e-02; -2,53526058e-02; 3,63042754e-02
3,34000000e+01; 8,94882242e-02; -2,50516750e-02; 3,74645129e-02
3,36000000e+01; 9,11504770e-02; -2,62940762e-02; 3,85764073e-02
3,38000000e+01; 9,12358713e-02; -2,70004451e-02; 3,85060517e-02
3,40000000e+01; 9,23153105e-02; -2,77438269e-02; 3,88234828e-02
3,42000000e+01; 9,42935994e-02; -2,78087264e-02; 3,99012884e-02
3,44000000e+01; 9,52762362e-02; -2,79198144e-02; 4,00519977e-02
3,46000000e+01; 9,71220447e-02; -2,74772735e-02; 4,11252628e-02
3,48000000e+01; 9,76033852e-02; -2,80863254e-02; 4,14329277e-02
3,50000000e+01; 9,90210082e-02; -2,82103398e-02; 4,18304659e-02
3,52000000e+01; 1,00398769e-01; -2,89809542e-02; 4,30484567e-02
3,54000000e+01; 1,00503324e-01; -2,98228750e-02; 4,24017292e-02
3,56000000e+01; 1,02856287e-01; -2,94133042e-02; 4,23826403e-02
3,58000000e+01; 1,03516277e-01; -3,00296537e-02; 4,41583355e-02
3,60000000e+01; 1,05345084e-01; -2,97801642e-02; 4,38272515e-02
3,62000000e+01; 1,06110007e-01; -3,04902101e-02; 4,51130643e-02
3,64000000e+01; 1,07505328e-01; -3,08503959e-02; 4,47944041e-02
3,66000000e+01; 1,09053663e-01; -3,15528346e-02; 4,61051327e-02
3,68000000e+01; 1,08813813e-01; -3,19797869e-02; 4,57292853e-02
3,70000000e+01; 1,10033839e-01; -3,13127051e-02; 4,64809859e-02
3,72000000e+01; 1,11907130e-01; -3,15760533e-02; 4,64837309e-02
3,74000000e+01; 1,12870055e-01; -3,19833142e-02; 4,76350814e-02
3,76000000e+01; 1,13903923e-01; -3,29659113e-02; 4,83604354e-02
3,78000000e+01; 1,14537702e-01; -3,32771113e-02; 4,82086859e-02
3,80000000e+01; 1,15081498e-01; -3,35564257e-02; 4,80901024e-02
3,82000000e+01; 1,16696011e-01; -3,42424098e-02; 4,93645010e-02
3,84000000e+01; 1,16868468e-01; -3,40688418e-02; 4,92974492e-02
3,86000000e+01; 1,17806260e-01; -3,40274383e-02; 5,01726585e-02
3,88000000e+01; 1,18798255e-01; -3,40305338e-02; 5,03894558e-02
3,90000000e+01; 1,20439832e-01; -3,41915554e-02; 4,95655336e-02
3,92000000e+01; 1,21389768e-01; -3,45584211e-02; 5,03208370e-02
3,94000000e+01; 1,23104709e-01; -3,54965120e-02; 5,24577571e-02
3,96000000e+01; 1,23390258e-01; -3,54745842e-02; 5,27627006e-02
3,98000000e+01; 1,24206301e-01; -3,58853872e-02; 5,29829991e-02
4,00000000e+01; 1,26571313e-01; -3,69677504e-02; 5,28623555e-02
4,02000000e+01; 1,27263593e-01; -3,75065079e-02; 5,35743683e-02
4,04000000e+01; 1,28356034e-01; -3,69913603e-02; 5,33614194e-02
4,06000000e+01; 1,30066209e-01; -3,81686855e-02; 5,40364222e-02
4,08000000e+01; 1,30811297e-01; -3,74626692e-02; 5,40896689e-02
4,10000000e+01; 1,31465830e-01; -3,81737598e-02; 5,50762040e-02
4,12000000e+01; 1,33260786e-01; -3,83520320e-02; 5,61913527e-02
4,14000000e+01; 1,34531792e-01; -3,81065236e-02; 5,71367475e-02
4,16000000e+01; 1,35586748e-01; -3,89799533e-02; 5,73163799e-02
4,18000000e+01; 1,36216748e-01; -3,94921714e-02; 5,75349885e-02
4,20000000e+01; 1,36767914e-01; -3,97985926e-02; 5,78582488e-02
4,22000000e+01; 1,38821072e-01; -4,05643675e-02; 5,78684276e-02
4,24000000e+01; 1,39630780e-01; -4,05366381e-02; 5,98218826e-02
4,26000000e+01; 1,41274455e-01; -4,01298961e-02; 6,01053369e-02
4,28000000e+01; 1,41916930e-01; -4,16418767e-02; 5,97739509e-02
4,30000000e+01; 1,43195801e-01; -4,17510477e-02; 6,04918003e-02
4,32000000e+01; 1,44431135e-01; -4,15223217e-02; 6,10362900e-02
4,34000000e+01; 1,45634391e-01; -4,22412537e-02; 6,20689338e-02
4,36000000e+01; 1,47043202e-01; -4,27001859e-02; 6,18738724e-02
4,38000000e+01; 1,48073823e-01; -4,31000178e-02; 6,35657892e-02
4,40000000e+01; 1,49011451e-01; -4,34240538e-02; 6,29212686e-02
4,42000000e+01; 1,50359154e-01; -4,38068571e-02; 6,30433910e-02
4,44000000e+01; 1,51589232e-01; -4,35235989e-02; 6,39599907e-02
4,46000000e+01; 1,52729448e-01; -4,42994582e-02; 6,34334382e-02
4,48000000e+01; 1,53183587e-01; -4,47226823e-02; 6,46556870e-02
4,50000000e+01; 1,54268245e-01; -4,53557744e-02; 6,56593214e-02
4,52000000e+01; 1,55844012e-01; -4,53685774e-02; 6,52488447e-02
4,54000000e+01; 1,56577013e-01; -4,56247103e-02; 6,57407725e-02
4,56000000e+01; 1,57885620e-01; -4,62103825e-02; 6,72444762e-02
4,58000000e+01; 1,58710649e-01; -4,61570489e-02; 6,64694012e-02
4,60000000e+01; 1,60281323e-01; -4,62986652e-02; 6,76724523e-02
4,62000000e+01; 1,61127737e-01; -4,69421014e-02; 6,84624822e-02
4,64000000e+01; 1,62425194e-01; -4,69917403e-02; 6,87320740e-02
4,66000000e+01; 1,63691068e-01; -4,69715544e-02; 7,00553401e-02
4,68000000e+01; 1,65053140e-01; -4,73418822e-02; 7,02685026e-02
4,70000000e+01; 1,65534972e-01; -4,81598233e-02; 7,00385892e-02
4,72000000e+01; 1,66728998e-01; -4,86907543e-02; 6,99017518e-02
4,74000000e+01; 1,68373261e-01; -4,88817885e-02; 6,94331590e-02
4,76000000e+01; 1,69130807e-01; -4,94043035e-02; 7,21784716e-02
4,78000000e+01; 1,70518820e-01; -4,97252725e-02; 7,15779713e-02
4,80000000e+01; 1,70678123e-01; -4,87011608e-02; 7,22339555e-02
4,82000000e+01; 1,73178890e-01; -5,03454535e-02; 7,25832488e-02
4,84000000e+01; 1,73549911e-01; -5,06672587e-02; 7,27924217e-02
4,86000000e+01; 1,75405661e-01; -5,10056147e-02; 7,37508677e-02
4,88000000e+01; 1,76505637e-01; -5,18893639e-02; 7,32634735e-02
4,90000000e+01; 1,76644766e-01; -5,10420169e-02; 7,46382430e-02
4,92000000e+01; 1,78033831e-01; -5,13260845e-02; 7,41462835e-02
4,94000000e+01; 1,79222122e-01; -5,21746626e-02; 7,51536266e-02
4,96000000e+01; 1,80727133e-01; -5,20261983e-02; 7,52237900e-02
4,98000000e+01; 1,81792830e-01; -5,22106132e-02; 7,69520633e-02
5,00000000e+01; 1,83692470e-01; -5,27150152e-02; 7,71393817e-02
5,02000000e+01; 1,84230996e-01; -5,35183807e-02; 7,72313819e-02
5,04000000e+01; 1,85823470e-01; -5,34860555e-02; 7,78696057e-02
5,06000000e+01; 1,86269834e-01; -5,40284764e-02; 7,91127183e-02
5,08000000e+01; 1,87451957e-01; -5,46914657e-02; 7,91369857e-02
5,10000000e+01; 1,88861994e-01; -5,48800003e-02; 7,90959027e-02
5,12000000e+01; 1,89557871e-01; -5,54090539e-02; 8,05197349e-02
5,14000000e+01; 1,90552343e-01; -5,51307801e-02; 7,95601957e-02
5,16000000e+01; 1,91766766e-01; -5,62971919e-02; 8,06805522e-02
5,18000000e+01; 1,93356091e-01; -5,59186439e-02; 8,09850065e-02
5,20000000e+01; 1,93956579e-01; -5,62226392e-02; 8,20375800e-02
5,22000000e+01; 1,94461549e-01; -5,67143265e-02; 8,30782735e-02
5,24000000e+01; 1,96387233e-01; -5,72389575e-02; 8,18706397e-02
5,26000000e+01; 1,97319975e-01; -5,76783091e-02; 8,46608954e-02
5,28000000e+01; 1,98628998e-01; -5,82570867e-02; 8,40619279e-02
5,30000000e+01; 1,99221624e-01; -5,86714215e-02; 8,44751535e-02
5,32000000e+01; 2,01129467e-01; -5,82642543e-02; 8,51075681e-02
5,34000000e+01; 2,01377688e-01; -5,86141559e-02; 8,50628006e-02
5,36000000e+01; 2,02956532e-01; -5,88148170e-02; 8,48906934e-02
5,38000000e+01; 2,03446294e-01; -5,93817778e-02; 8,62525343e-02
5,40000000e+01; 2,04581362e-01; -5,96859437e-02; 8,69264776e-02
5,42000000e+01; 2,07035173e-01; -6,02706617e-02; 8,74726087e-02
5,44000000e+01; 2,07313569e-01; -6,02173906e-02; 8,81275690e-02
5,46000000e+01; 2,08692410e-01; -6,05619090e-02; 8,77694991e-02
5,48000000e+01; 2,08589495e-01; -6,09292963e-02; 8,92315144e-02
5,50000000e+01; 2,11452377e-01; -6,14411893e-02; 8,82874323e-02
5,52000000e+01; 2,11979399e-01; -6,12204969e-02; 9,02697332e-02
5,54000000e+01; 2,13506164e-01; -6,24991561e-02; 9,00418790e-02
5,56000000e+01; 2,14312006e-01; -6,17143412e-02; 9,06627911e-02
5,58000000e+01; 2,14834824e-01; -6,25651980e-02; 9,06257816e-02
5,60000000e+01; 2,16703599e-01; -6,29317027e-02; 9,16956445e-02
5,62000000e+01; 2,17838473e-01; -6,37133111e-02; 9,20412952e-02
5,64000000e+01; 2,18525187e-01; -6,33215767e-02; 9,33116261e-02
5,66000000e+01; 2,19786862e-01; -6,44738847e-02; 9,24976759e-02
5,68000000e+01; 2,22016934e-01; -6,45658235e-02; 9,22567299e-02
5,70000000e+01; 2,23099372e-01; -6,49708308e-02; 9,47611270e-02
5,72000000e+01; 2,23571202e-01; -6,47319662e-02; 9,48432503e-02
5,74000000e+01; 2,24604876e-01; -6,41913674e-02; 9,48497705e-02
5,76000000e+01; 2,25767251e-01; -6,54015516e-02; 9,56926640e-02
5,78000000e+01; 2,26304130e-01; -6,60532141e-02; 9,77660409e-02
5,80000000e+01; 2,26794918e-01; -6,58094999e-02; 9,62702589e-02
5,82000000e+01; 2,29006857e-01; -6,65028151e-02; 9,72578459e-02
5,84000000e+01; 2,30601156e-01; -6,71276499e-02; 9,83716073e-02
5,86000000e+01; 2,31986146e-01; -6,75062997e-02; 9,76879764e-02
5,88000000e+01; 2,33030929e-01; -6,76099192e-02; 9,86883648e-02
5,90000000e+01; 2,34326168e-01; -6,81071817e-02; 9,87101194e-02
5,92000000e+01; 2,34793169e-01; -6,76484272e-02; 9,96722693e-02
5,94000000e+01; 2,35864149e-01; -6,83109646e-02; 9,97001927e-02
5,96000000e+01; 2,36254733e-01; -6,83217594e-02; 9,96469245e-02
5,98000000e+01; 2,38007360e-01; -6,89470510e-02; 1,00417680e-01
6,00000000e+01; 2,39743182e-01; -6,91106103e-02; 1,01872763e-01
6,02000000e+01; 2,40703992e-01; -6,97966228e-02; 1,02323226e-01
6,04000000e+01; 2,41894014e-01; -6,99801796e-02; 1,02571953e-01
6,06000000e+01; 2,43456126e-01; -7,04640389e-02; 1,03165467e-01
6,08000000e+01; 2,44333372e-01; -7,09062947e-02; 1,03314296e-01
6,10000000e+01; 2,44207030e-01; -7,07299420e-02; 1,03714287e-01
6,12000000e+01; 2,47597751e-01; -7,15615940e-02; 1,04449445e-01
6,14000000e+01; 2,47676255e-01; -7,07807571e-02; 1,05714796e-01
6,16000000e+01; 2,48696337e-01; -7,14084947e-02; 1,04756585e-01
6,18000000e+01; 2,49764584e-01; -7,25232788e-02; 1,06411881e-01
6,20000000e+01; 2,50820023e-01; -7,33813323e-02; 1,06448414e-01
6,22000000e+01; 2,52078327e-01; -7,24065880e-02; 1,08516128e-01
6,24000000e+01; 2,53806954e-01; -7,29736824e-02; 1,08060568e-01
6,26000000e+01; 2,54502438e-01; -7,39632175e-02; 1,06560613e-01
6,28000000e+01; 2,55971425e-01; -7,39574329e-02; 1,08533901e-01
6,30000000e+01; 2,56928286e-01; -7,46468887e-02; 1,08260485e-01
6,32000000e+01; 2,57863333e-01; -7,41973626e-02; 1,09344618e-01
6,34000000e+01; 2,58761347e-01; -7,52811562e-02; 1,09904808e-01
6,36000000e+01; 2,59798616e-01; -7,55996573e-02; 1,09716899e-01
6,38000000e+01; 2,60757745e-01; -7,55667324e-02; 1,10750282e-01
6,40000000e+01; 2,62172066e-01; -7,63644422e-02; 1,11169257e-01
6,42000000e+01; 2,63775043e-01; -7,63366254e-02; 1,10687605e-01
6,44000000e+01; 2,65009398e-01; -7,66107184e-02; 1,11935092e-01
6,46000000e+01; 2,65638147e-01; -7,70277206e-02; 1,12620531e-01
6,48000000e+01; 2,67552156e-01; -7,69285344e-02; 1,12773596e-01
6,50000000e+01; 2,68224803e-01; -7,70865160e-02; 1,13584606e-01
6,52000000e+01; 2,69989046e-01; -7,77739095e-02; 1,12832679e-01
6,54000000e+01; 2,70362603e-01; -7,83699060e-02; 1,14709177e-01
6,56000000e+01; 2,72433218e-01; -7,87832144e-02; 1,14037594e-01
6,58000000e+01; 2,72470911e-01; -7,83521860e-02; 1,15616486e-01
6,60000000e+01; 2,73049803e-01; -7,89202891e-02; 1,15762930e-01
6,62000000e+01; 2,75156252e-01; -7,94249824e-02; 1,17043733e-01
6,64000000e+01; 2,75873416e-01; -7,97828630e-02; 1,16287609e-01
6,66000000e+01; 2,76897701e-01; -7,98386521e-02; 1,18209153e-01
6,68000000e+01; 2,79327872e-01; -8,06673134e-02; 1,18122841e-01
6,70000000e+01; 2,79960116e-01; -8,07243034e-02; 1,18544372e-01
6,72000000e+01; 2,80583638e-01; -8,07191577e-02; 1,18376731e-01
6,74000000e+01; 2,81906616e-01; -8,08444490e-02; 1,19055519e-01
6,76000000e+01; 2,83413379e-01; -8,12770164e-02; 1,20101433e-01
6,78000000e+01; 2,84496066e-01; -8,26003143e-02; 1,19823041e-01
6,80000000e+01; 2,86181644e-01; -8,21354595e-02; 1,20824372e-01
6,82000000e+01; 2,86319779e-01; -8,30209403e-02; 1,21078230e-01
6,84000000e+01; 2,87880751e-01; -8,33847867e-02; 1,21927101e-01
6,86000000e+01; 2,88957863e-01; -8,36410081e-02; 1,22319878e-01
6,88000000e+01; 2,90458727e-01; -8,42594359e-02; 1,24121337e-01
6,90000000e+01; 2,92525203e-01; -8,43382305e-02; 1,23733842e-01
6,92000000e+01; 2,93799450e-01; -8,46627686e-02; 1,23933059e-01
6,94000000e+01; 2,94384792e-01; -8,52956623e-02; 1,23911330e-01
6,96000000e+01; 2,96194662e-01; -8,60673219e-02; 1,25154738e-01
6,98000000e+01; 2,97431685e-01; -8,51553534e-02; 1,25358625e-01
7,00000000e+01; 2,98692598e-01; -8,66022608e-02; 1,26760543e-01
7,02000000e+01; 2,99745322e-01; -8,66342732e-02; 1,27117416e-01
7,04000000e+01; 3,01507572e-01; -8,67533211e-02; 1,28050917e-01
7,06000000e+01; 3,02662886e-01; -8,69391011e-02; 1,27716978e-01
7,08000000e+01; 3,03297750e-01; -8,83268516e-02; 1,27306128e-01
7,10000000e+01; 3,04485897e-01; -8,73208872e-02; 1,29399306e-01
7,12000000e+01; 3,05559284e-01; -8,82644803e-02; 1,28962309e-01
7,14000000e+01; 3,06597856e-01; -8,84143370e-02; 1,30339651e-01
7,16000000e+01; 3,09058943e-01; -8,86958572e-02; 1,30731476e-01
7,18000000e+01; 3,09240160e-01; -8,95531364e-02; 1,30443333e-01
7,20000000e+01; 3,10854679e-01; -8,99539311e-02; 1,30884520e-01
7,22000000e+01; 3,11864536e-01; -8,99896678e-02; 1,32254635e-01
7,24000000e+01; 3,13596067e-01; -9,01081015e-02; 1,32303095e-01
7,26000000e+01; 3,14662899e-01; -9,03329147e-02; 1,31868214e-01
7,28000000e+01; 3,15794652e-01; -9,05716805e-02; 1,33828520e-01
7,30000000e+01; 3,16980409e-01; -9,06873022e-02; 1,33246730e-01
7,32000000e+01; 3,18016824e-01; -9,11437746e-02; 1,34129325e-01
7,34000000e+01; 3,18807546e-01; -9,28470598e-02; 1,34449554e-01
7,36000000e+01; 3,19351921e-01; -9,25720871e-02; 1,35217328e-01
7,38000000e+01; 3,22078483e-01; -9,26852237e-02; 1,36076404e-01
7,40000000e+01; 3,23485470e-01; -9,26400958e-02; 1,36737487e-01
7,42000000e+01; 3,24085256e-01; -9,36908203e-02; 1,37340959e-01
7,44000000e+01; 3,25409569e-01; -9,37351858e-02; 1,37936883e-01
7,46000000e+01; 3,26356638e-01; -9,37753395e-02; 1,37514330e-01
7,48000000e+01; 3,27393170e-01; -9,44650597e-02; 1,38327621e-01
7,50000000e+01; 3,29108469e-01; -9,53652222e-02; 1,39438343e-01
7,52000000e+01; 3,28947736e-01; -9,47121023e-02; 1,39621539e-01
7,54000000e+01; 3,31936798e-01; -9,49225287e-02; 1,39139807e-01
7,56000000e+01; 3,33238807e-01; -9,57677305e-02; 1,39108190e-01
7,58000000e+01; 3,33520926e-01; -9,59133097e-02; 1,39994988e-01
7,60000000e+01; 3,34309601e-01; -9,62594594e-02; 1,41722477e-01
7,62000000e+01; 3,37131558e-01; -9,65692509e-02; 1,42816736e-01
7,64000000e+01; 3,37699466e-01; -9,73162631e-02; 1,42463418e-01
7,66000000e+01; 3,38869969e-01; -9,78560611e-02; 1,44145074e-01
7,68000000e+01; 3,40882986e-01; -9,80795921e-02; 1,44366867e-01
7,70000000e+01; 3,41110579e-01; -9,86945131e-02; 1,43923942e-01
7,72000000e+01; 3,42941696e-01; -9,78946836e-02; 1,45029198e-01
7,74000000e+01; 3,43706178e-01; -9,87293168e-02; 1,44870698e-01
7,76000000e+01; 3,45594435e-01; -9,88476867e-02; 1,45556332e-01
7,78000000e+01; 3,47320585e-01; -9,94720049e-02; 1,45377979e-01
7,80000000e+01; 3,48759087e-01; -1,00152512e-01; 1,46161761e-01
7,82000000e+01; 3,49751479e-01; -1,00147180e-01; 1,47996650e-01
7,84000000e+01; 3,50121893e-01; -1,00838600e-01; 1,48057538e-01
7,86000000e+01; 3,51338591e-01; -1,01166629e-01; 1,48154105e-01
7,88000000e+01; 3,53931414e-01; -1,00759744e-01; 1,48653305e-01
7,90000000e+01; 3,54857553e-01; -1,01823322e-01; 1,49526629e-01
7,92000000e+01; 3,56242775e-01; -1,01970858e-01; 1,50287360e-01
7,94000000e+01; 3,57026877e-01; -1,02686420e-01; 1,51135800e-01
7,96000000e+01; 3,59718599e-01; -1,03211702e-01; 1,50839159e-01
7,98000000e+01; 3,60633817e-01; -1,02865333e-01; 1,52972272e-01
8,00000000e+01; 3,61647204e-01; -1,03081191e-01; 1,51945604e-01
8,02000000e+01; 3,62675651e-01; -1,03356800e-01; 1,52940954e-01
8,04000000e+01; 3,64110308e-01; -1,04297369e-01; 1,53458709e-01
8,06000000e+01; 3,65814626e-01; -1,04773689e-01; 1,53340203e-01
8,08000000e+01; 3,66084033e-01; -1,04746706e-01; 1,55145638e-01
8,10000000e+01; 3,67201821e-01; -1,05046966e-01; 1,55085740e-01
8,12000000e+01; 3,69379252e-01; -1,05072969e-01; 1,54546465e-01
8,14000000e+01; 3,70468760e-01; -1,06639642e-01; 1,55392614e-01
8,16000000e+01; 3,70767523e-01; -1,05890290e-01; 1,56699921e-01
8,18000000e+01; 3,73068862e-01; -1,06685494e-01; 1,57005875e-01
8,20000000e+01; 3,73945544e-01; -1,07720463e-01; 1,58423498e-01
8,22000000e+01; 3,75477341e-01; -1,06791056e-01; 1,59579046e-01
8,24000000e+01; 3,77569620e-01; -1,07824087e-01; 1,59240839e-01
8,26000000e+01; 3,79494076e-01; -1,08266293e-01; 1,59129406e-01
8,28000000e+01; 3,79208860e-01; -1,08515689e-01; 1,60623701e-01
8,30000000e+01; 3,81506935e-01; -1,08382557e-01; 1,61849521e-01
8,32000000e+01; 3,82471418e-01; -1,09754944e-01; 1,61567207e-01
8,34000000e+01; 3,84285290e-01; -1,10021255e-01; 1,61773143e-01
8,36000000e+01; 3,84972394e-01; -1,10469483e-01; 1,63391351e-01
8,38000000e+01; 3,86621861e-01; -1,10692025e-01; 1,62455072e-01
8,40000000e+01; 3,86917506e-01; -1,10696516e-01; 1,64072937e-01
8,42000000e+01; 3,89638461e-01; -1,11387801e-01; 1,65112017e-01
8,44000000e+01; 3,90742744e-01; -1,11330617e-01; 1,65982408e-01
8,46000000e+01; 3,92226683e-01; -1,11372894e-01; 1,65645039e-01
8,48000000e+01; 3,94197836e-01; -1,12169878e-01; 1,66756860e-01
8,50000000e+01; 3,94381820e-01; -1,13010456e-01; 1,66695040e-01
8,52000000e+01; 3,95730277e-01; -1,13747952e-01; 1,67583707e-01
8,54000000e+01; 3,97321258e-01; -1,13753507e-01; 1,68134532e-01
8,56000000e+01; 3,99062146e-01; -1,13697871e-01; 1,68022806e-01
8,58000000e+01; 3,99647744e-01; -1,13697518e-01; 1,69187449e-01
8,60000000e+01; 4,02490081e-01; -1,14743005e-01; 1,68630810e-01
8,62000000e+01; 4,03310187e-01; -1,14714733e-01; 1,69204012e-01
8,64000000e+01; 4,03477060e-01; -1,14119946e-01; 1,70173587e-01
8,66000000e+01; 4,05664662e-01; -1,14985348e-01; 1,72293028e-01
8,68000000e+01; 4,06750768e-01; -1,15283256e-01; 1,71562592e-01
8,70000000e+01; 4,08224490e-01; -1,15910115e-01; 1,72437147e-01
8,72000000e+01; 4,09351970e-01; -1,16751964e-01; 1,72966532e-01
8,74000000e+01; 4,10993516e-01; -1,16824234e-01; 1,72975523e-01
8,76000000e+01; 4,12609397e-01; -1,17337585e-01; 1,74388630e-01
8,78000000e+01; 4,13058040e-01; -1,17799962e-01; 1,74645752e-01
8,80000000e+01; 4,14814633e-01; -1,17872310e-01; 1,75659311e-01
8,82000000e+01; 4,16131504e-01; -1,19490844e-01; 1,75331192e-01
8,84000000e+01; 4,17559432e-01; -1,18285333e-01; 1,75729885e-01
8,86000000e+01; 4,18840056e-01; -1,19202786e-01; 1,77112546e-01
8,88000000e+01; 4,20562217e-01; -1,19538584e-01; 1,78203135e-01
8,90000000e+01; 4,21333746e-01; -1,20002649e-01; 1,76776494e-01
8,92000000e+01; 4,22998497e-01; -1,20639206e-01; 1,77802415e-01
8,94000000e+01; 4,24200107e-01; -1,20786454e-01; 1,79223336e-01
8,96000000e+01; 4,25496547e-01; -1,21452854e-01; 1,78954172e-01
8,98000000e+01; 4,27329854e-01; -1,21329222e-01; 1,80809353e-01
9,00000000e+01; 4,27991065e-01; -1,21354738e-01; 1,81858933e-01
9,02000000e+01; 4,29421168e-01; -1,22261305e-01; 1,82413098e-01
9,04000000e+01; 4,31664073e-01; -1,22611589e-01; 1,82544766e-01
9,06000000e+01; 4,32766128e-01; -1,22213020e-01; 1,82932245e-01
9,08000000e+01; 4,34923263e-01; -1,23758915e-01; 1,83757241e-01
9,10000000e+01; 4,35640169e-01; -1,23231487e-01; 1,83564996e-01
9,12000000e+01; 4,36494331e-01; -1,23656040e-01; 1,85719240e-01
9,14000000e+01; 4,37826662e-01; -1,24007225e-01; 1,84396978e-01
9,16000000e+01; 4,39323506e-01; -1,24821682e-01; 1,85782849e-01
9,18000000e+01; 4,41384305e-01; -1,24778658e-01; 1,86897830e-01
9,20000000e+01; 4,42455885e-01; -1,26180883e-01; 1,86560088e-01
9,22000000e+01; 4,44037391e-01; -1,26086528e-01; 1,87872899e-01
9,24000000e+01; 4,46320446e-01; -1,26386693e-01; 1,88804713e-01
9,26000000e+01; 4,47151478e-01; -1,26451295e-01; 1,88485962e-01
9,28000000e+01; 4,48698397e-01; -1,27179750e-01; 1,88180764e-01
9,30000000e+01; 4,49659576e-01; -1,27471349e-01; 1,89747842e-01
9,32000000e+01; 4,51192909e-01; -1,27305678e-01; 1,90436286e-01
9,34000000e+01; 4,52182086e-01; -1,27804767e-01; 1,91695411e-01
9,36000000e+01; 4,54248579e-01; -1,28492721e-01; 1,92048923e-01
9,38000000e+01; 4,55274467e-01; -1,28849088e-01; 1,91646175e-01
9,40000000e+01; 4,56854330e-01; -1,28818941e-01; 1,93963185e-01
9,42000000e+01; 4,58605071e-01; -1,29658298e-01; 1,93511136e-01
9,44000000e+01; 4,60430329e-01; -1,29751841e-01; 1,94729198e-01
9,46000000e+01; 4,61648180e-01; -1,29825423e-01; 1,95556432e-01
9,48000000e+01; 4,61923461e-01; -1,30494501e-01; 1,96225495e-01
9,50000000e+01; 4,63806477e-01; -1,31002310e-01; 1,95319997e-01
9,52000000e+01; 4,65147909e-01; -1,31848725e-01; 1,96975676e-01
9,54000000e+01; 4,66638169e-01; -1,31925439e-01; 1,96808748e-01
9,56000000e+01; 4,67279956e-01; -1,32055338e-01; 1,97596342e-01
9,58000000e+01; 4,69206167e-01; -1,32354462e-01; 1,98746590e-01
9,60000000e+01; 4,70325885e-01; -1,33392828e-01; 2,00005431e-01
9,62000000e+01; 4,72854224e-01; -1,32751950e-01; 2,00231974e-01
9,64000000e+01; 4,74084752e-01; -1,34103939e-01; 2,00501392e-01
9,66000000e+01; 4,75175435e-01; -1,34383516e-01; 2,02403086e-01
9,68000000e+01; 4,75956016e-01; -1,34583764e-01; 2,01416277e-01
9,70000000e+01; 4,78177456e-01; -1,34949954e-01; 2,02522527e-01
9,72000000e+01; 4,80241780e-01; -1,35542253e-01; 2,02987625e-01
9,74000000e+01; 4,80545018e-01; -1,35805905e-01; 2,02960507e-01
9,76000000e+01; 4,82690378e-01; -1,36033363e-01; 2,04634586e-01
9,78000000e+01; 4,83366734e-01; -1,36401694e-01; 2,04553881e-01
9,80000000e+01; 4,85114417e-01; -1,35674105e-01; 2,04261872e-01
9,82000000e+01; 4,87372545e-01; -1,36797401e-01; 2,06183066e-01
9,84000000e+01; 4,88770382e-01; -1,37430499e-01; 2,06789463e-01
9,86000000e+01; 4,89825882e-01; -1,37092268e-01; 2,06545436e-01
9,88000000e+01; 4,91423176e-01; -1,38576190e-01; 2,07275419e-01
9,90000000e+01; 4,91942782e-01; -1,38340745e-01; 2,08531033e-01
9,92000000e+01; 4,94207176e-01; -1,38681212e-01; 2,08824291e-01
9,94000000e+01; 4,96056591e-01; -1,39237874e-01; 2,09532709e-01
9,96000000e+01; 4,97061638e-01; -1,39803038e-01; 2,10598870e-01
9,98000000e+01; 4,99484854e-01; -1,40126492e-01; 2,11372686e-01
1,00000000e+02; 5,00893887e-01; -1,40451604e-01; 2,10712026e-01
1,00200000e+02; 5,02525869e-01; -1,41246147e-01; 2,13034877e-01
1,00400000e+02; 5,02756387e-01; -1,41064771e-01; 2,12500156e-01
1,00600000e+02; 5,04626273e-01; -1,41888207e-01; 2,13210825e-01
1,00800000e+02; 5,07159277e-01; -1,41537686e-01; 2,14429598e-01
1,01000000e+02; 5,07583164e-01; -1,42377866e-01; 2,14529661e-01
1,01200000e+02; 5,09581545e-01; -1,43140214e-01; 2,14830784e-01
1,01400000e+02; 5,11146114e-01; -1,43155074e-01; 2,16382575e-01
1,01600000e+02; 5,11870224e-01; -1,43389785e-01; 2,16027739e-01
1,01800000e+02; 5,13491900e-01; -1,44030365e-01; 2,16068129e-01
1,02000000e+02; 5,15360609e-01; -1,44512256e-01; 2,16391540e-01
1,02200000e+02; 5,17352732e-01; -1,44632296e-01; 2,17576431e-01
1,02400000e+02; 5,18424892e-01; -1,44846349e-01; 2,19074137e-01
1,02600000e+02; 5,20308107e-01; -1,44985030e-01; 2,20193193e-01
1,02800000e+02; 5,22505166e-01; -1,45846808e-01; 2,20175065e-01
1,03000000e+02; 5,22810004e-01; -1,46603744e-01; 2,20486335e-01
1,03200000e+02; 5,24505708e-01; -1,46964810e-01; 2,22087978e-01
1,03400000e+02; 5,25531924e-01; -1,47310295e-01; 2,21015537e-01
1,03600000e+02; 5,27526167e-01; -1,47235667e-01; 2,22466321e-01
1,03800000e+02; 5,28664136e-01; -1,47569409e-01; 2,23058773e-01
1,04000000e+02; 5,30778401e-01; -1,48374493e-01; 2,24321545e-01
1,04200000e+02; 5,32695045e-01; -1,49211766e-01; 2,25255512e-01
1,04400000e+02; 5,33365896e-01; -1,49185698e-01; 2,25503654e-01
1,04600000e+02; 5,35592747e-01; -1,49386599e-01; 2,25248735e-01
1,04800000e+02; 5,37474803e-01; -1,49996585e-01; 2,26675045e-01
1,05000000e+02; 5,38115550e-01; -1,50063313e-01; 2,27195347e-01
1,05200000e+02; 5,39682596e-01; -1,50193180e-01; 2,28839487e-01
1,05400000e+02; 5,42634484e-01; -1,50839825e-01; 2,28905603e-01
1,05600000e+02; 5,43588591e-01; -1,51740172e-01; 2,29022018e-01
1,05800000e+02; 5,45434651e-01; -1,51252817e-01; 2,30879375e-01
1,06000000e+02; 5,47178256e-01; -1,52030060e-01; 2,30783781e-01
1,06200000e+02; 5,47977620e-01; -1,53040723e-01; 2,31738454e-01
1,06400000e+02; 5,50261492e-01; -1,52700437e-01; 2,33182267e-01
1,06600000e+02; 5,51779372e-01; -1,52743409e-01; 2,32870551e-01
1,06800000e+02; 5,52393336e-01; -1,53768497e-01; 2,33823152e-01
1,07000000e+02; 5,54803694e-01; -1,54629960e-01; 2,33736061e-01
1,07200000e+02; 5,56462437e-01; -1,55039082e-01; 2,34051656e-01
1,07400000e+02; 5,58556459e-01; -1,55383617e-01; 2,35268699e-01
1,07600000e+02; 5,59754775e-01; -1,55509615e-01; 2,35171767e-01
1,07800000e+02; 5,60467059e-01; -1,55704310e-01; 2,36706318e-01
1,08000000e+02; 5,63384155e-01; -1,55766343e-01; 2,37358568e-01
1,08200000e+02; 5,64081392e-01; -1,56237234e-01; 2,38439541e-01
1,08400000e+02; 5,65454991e-01; -1,57048470e-01; 2,37976044e-01
1,08600000e+02; 5,67058643e-01; -1,57312561e-01; 2,39258959e-01
1,08800000e+02; 5,68865437e-01; -1,58189983e-01; 2,40144659e-01
1,09000000e+02; 5,71365565e-01; -1,58227232e-01; 2,41428226e-01
1,09200000e+02; 5,73002494e-01; -1,58813309e-01; 2,41635846e-01
1,09400000e+02; 5,73551442e-01; -1,58826392e-01; 2,42400664e-01
1,09600000e+02; 5,75981904e-01; -1,59093840e-01; 2,43014130e-01
1,09800000e+02; 5,77657570e-01; -1,60193902e-01; 2,43180572e-01
1,10000000e+02; 5,79466907e-01; -1,60186843e-01; 2,44864514e-01
1,10200000e+02; 5,81489273e-01; -1,60212247e-01; 2,44519969e-01
1,10400000e+02; 5,81827221e-01; -1,60474823e-01; 2,45599123e-01
1,10600000e+02; 5,83972427e-01; -1,61620938e-01; 2,46305017e-01
1,10800000e+02; 5,85626421e-01; -1,61429334e-01; 2,46809968e-01
1,11000000e+02; 5,87655355e-01; -1,62029048e-01; 2,47510634e-01
1,11200000e+02; 5,89396042e-01; -1,63204869e-01; 2,47751871e-01
1,11400000e+02; 5,91119691e-01; -1,62619962e-01; 2,49076684e-01
1,11600000e+02; 5,92311452e-01; -1,62892236e-01; 2,49505249e-01
1,11800000e+02; 5,94259317e-01; -1,63244320e-01; 2,49930343e-01
1,12000000e+02; 5,96067632e-01; -1,64368011e-01; 2,51303022e-01
1,12200000e+02; 5,97925218e-01; -1,64803831e-01; 2,52199543e-01
1,12400000e+02; 5,99060630e-01; -1,64507262e-01; 2,52963028e-01
1,12600000e+02; 6,01006076e-01; -1,65486235e-01; 2,54278619e-01
1,12800000e+02; 6,02600551e-01; -1,66310201e-01; 2,54209966e-01
1,13000000e+02; 6,04681333e-01; -1,65970217e-01; 2,54967304e-01
1,13200000e+02; 6,06089611e-01; -1,66551461e-01; 2,55412477e-01
1,13400000e+02; 6,08208721e-01; -1,67229487e-01; 2,55735682e-01
1,13600000e+02; 6,09109331e-01; -1,67892908e-01; 2,56050531e-01
1,13800000e+02; 6,11665835e-01; -1,67280522e-01; 2,57390523e-01
1,14000000e+02; 6,12574722e-01; -1,68187894e-01; 2,58277031e-01
1,14200000e+02; 6,14280162e-01; -1,68766121e-01; 2,59670758e-01
1,14400000e+02; 6,15664335e-01; -1,68944505e-01; 2,59292492e-01
1,14600000e+02; 6,17061765e-01; -1,69487795e-01; 2,61162258e-01
1,14800000e+02; 6,19107430e-01; -1,70070751e-01; 2,61537125e-01
1,15000000e+02; 6,21209461e-01; -1,70476332e-01; 2,61359862e-01
1,15200000e+02; 6,21453265e-01; -1,70716896e-01; 2,62421600e-01
1,15400000e+02; 6,24936382e-01; -1,70776451e-01; 2,63048070e-01
1,15600000e+02; 6,26160197e-01; -1,71446780e-01; 2,63942193e-01
1,15800000e+02; 6,28039480e-01; -1,72320764e-01; 2,65732227e-01
1,16000000e+02; 6,29795777e-01; -1,71816608e-01; 2,65128032e-01
1,16200000e+02; 6,31309111e-01; -1,72946718e-01; 2,67655270e-01
1,16400000e+02; 6,33081456e-01; -1,73308333e-01; 2,67587844e-01
1,16600000e+02; 6,34851600e-01; -1,73820724e-01; 2,67391172e-01
1,16800000e+02; 6,36400414e-01; -1,73785166e-01; 2,68848281e-01
1,17000000e+02; 6,38348338e-01; -1,73675883e-01; 2,68891266e-01
1,17200000e+02; 6,40112300e-01; -1,75264917e-01; 2,68997836e-01
1,17400000e+02; 6,41289115e-01; -1,75632654e-01; 2,69407219e-01
1,17600000e+02; 6,43567685e-01; -1,75852041e-01; 2,72147186e-01
1,17800000e+02; 6,45311650e-01; -1,76522657e-01; 2,70451063e-01
1,18000000e+02; 6,46337000e-01; -1,77207894e-01; 2,73149276e-01
1,18200000e+02; 6,47792366e-01; -1,77351761e-01; 2,73188052e-01
1,18400000e+02; 6,49943521e-01; -1,77628651e-01; 2,74068840e-01
1,18600000e+02; 6,51353894e-01; -1,77789601e-01; 2,74756228e-01
1,18800000e+02; 6,52779731e-01; -1,78044955e-01; 2,75348929e-01
1,19000000e+02; 6,54430840e-01; -1,78706480e-01; 2,76114372e-01
1,19200000e+02; 6,56570309e-01; -1,79172086e-01; 2,76097368e-01
1,19400000e+02; 6,59434897e-01; -1,79753656e-01; 2,78252951e-01
1,19600000e+02; 6,60653364e-01; -1,79604633e-01; 2,78011921e-01
1,19800000e+02; 6,61645692e-01; -1,80327826e-01; 2,79579023e-01
1,20000000e+02; 6,63973928e-01; -1,81183537e-01; 2,79782464e-01
1,20200000e+02; 6,66103925e-01; -1,81180632e-01; 2,79775257e-01
1,20400000e+02; 6,66042337e-01; -1,82081040e-01; 2,81220870e-01
1,20600000e+02; 6,69571017e-01; -1,82399941e-01; 2,81600096e-01
1,20800000e+02; 6,71603107e-01; -1,82309934e-01; 2,82335086e-01
1,21000000e+02; 6,72591579e-01; -1,82521002e-01; 2,84163290e-01
1,21200000e+02; 6,74360125e-01; -1,84042794e-01; 2,83870107e-01
1,21400000e+02; 6,75926397e-01; -1,84306942e-01; 2,84635763e-01
1,21600000e+02; 6,79052190e-01; -1,84179740e-01; 2,86057541e-01
1,21800000e+02; 6,80633496e-01; -1,84319241e-01; 2,87213343e-01
1,22000000e+02; 6,82644329e-01; -1,84357963e-01; 2,86822337e-01
1,22200000e+02; 6,83813446e-01; -1,86015345e-01; 2,87838746e-01
1,22400000e+02; 6,84558694e-01; -1,85868096e-01; 2,88856740e-01
1,22600000e+02; 6,87389724e-01; -1,86585620e-01; 2,88434336e-01
1,22800000e+02; 6,89564376e-01; -1,86702162e-01; 2,90685788e-01
1,23000000e+02; 6,91527521e-01; -1,87202306e-01; 2,90486096e-01
1,23200000e+02; 6,93242547e-01; -1,87770044e-01; 2,90669012e-01
1,23400000e+02; 6,94220100e-01; -1,87681704e-01; 2,92003776e-01
1,23600000e+02; 6,96128079e-01; -1,88175927e-01; 2,93813915e-01
1,23800000e+02; 6,98762121e-01; -1,88720693e-01; 2,93566906e-01
1,24000000e+02; 7,00423500e-01; -1,89451058e-01; 2,94228551e-01
1,24200000e+02; 7,02001133e-01; -1,89392262e-01; 2,95509502e-01
1,24400000e+02; 7,03770988e-01; -1,89598274e-01; 2,96507521e-01
1,24600000e+02; 7,05919033e-01; -1,89518667e-01; 2,97179834e-01
1,24800000e+02; 7,07577237e-01; -1,90678981e-01; 2,97992803e-01
1,25000000e+02; 7,09784605e-01; -1,91484511e-01; 2,99585739e-01
1,25200000e+02; 7,10794944e-01; -1,92250836e-01; 2,98883220e-01
1,25400000e+02; 7,13897777e-01; -1,92511984e-01; 2,99448416e-01
1,25600000e+02; 7,15269342e-01; -1,92484238e-01; 3,00399827e-01
1,25800000e+02; 7,17575469e-01; -1,93031490e-01; 3,02107975e-01
1,26000000e+02; 7,18085184e-01; -1,93077072e-01; 3,02131718e-01
1,26200000e+02; 7,20247907e-01; -1,94027203e-01; 3,03613081e-01
1,26400000e+02; 7,22797460e-01; -1,94470637e-01; 3,04119464e-01
1,26600000e+02; 7,23102018e-01; -1,94302082e-01; 3,05149626e-01
1,26800000e+02; 7,25735393e-01; -1,95460879e-01; 3,06407233e-01
1,27000000e+02; 7,27123897e-01; -1,95953050e-01; 3,06584026e-01
1,27200000e+02; 7,30143688e-01; -1,95206163e-01; 3,06829986e-01
1,27400000e+02; 7,32544581e-01; -1,96073032e-01; 3,08527667e-01
1,27600000e+02; 7,33158075e-01; -1,96521735e-01; 3,07440446e-01
1,27800000e+02; 7,36302131e-01; -1,97145249e-01; 3,09875017e-01
1,28000000e+02; 7,36959807e-01; -1,98305246e-01; 3,10834819e-01
1,28200000e+02; 7,39003102e-01; -1,98230291e-01; 3,11779369e-01
1,28400000e+02; 7,40783498e-01; -1,98120138e-01; 3,11910984e-01
1,28600000e+02; 7,43726492e-01; -1,99511492e-01; 3,14203925e-01
1,28800000e+02; 7,45888424e-01; -1,99571178e-01; 3,13238212e-01
1,29000000e+02; 7,47713947e-01; -1,99167231e-01; 3,14151392e-01
1,29200000e+02; 7,49331013e-01; -2,00150343e-01; 3,14735692e-01
1,29400000e+02; 7,51285260e-01; -2,00805419e-01; 3,16865921e-01
1,29600000e+02; 7,53242278e-01; -2,01622112e-01; 3,15184450e-01
1,29800000e+02; 7,55191267e-01; -2,02102014e-01; 3,17615557e-01
1,30000000e+02; 7,55114600e-01; -2,02157223e-01; 3,18713343e-01
1,30200000e+02; 7,58418817e-01; -2,02769408e-01; 3,19469932e-01
1,30400000e+02; 7,60119444e-01; -2,03890636e-01; 3,20236618e-01
1,30600000e+02; 7,62419704e-01; -2,03047169e-01; 3,20530502e-01
1,30800000e+02; 7,64012701e-01; -2,03908065e-01; 3,21491773e-01
1,31000000e+02; 7,66372454e-01; -2,04202344e-01; 3,22680120e-01
1,31200000e+02; 7,67946269e-01; -2,05389668e-01; 3,22953731e-01
1,31400000e+02; 7,69789283e-01; -2,04581776e-01; 3,25183483e-01
1,31600000e+02; 7,70273153e-01; -2,05813045e-01; 3,24553602e-01
1,31800000e+02; 7,73108196e-01; -2,05024500e-01; 3,24499933e-01
1,32000000e+02; 7,75220926e-01; -2,06467238e-01; 3,26977833e-01
1,32200000e+02; 7,78312110e-01; -2,06825022e-01; 3,27307837e-01
1,32400000e+02; 7,78641254e-01; -2,07176454e-01; 3,28327185e-01
1,32600000e+02; 7,81763193e-01; -2,06755673e-01; 3,27719288e-01
1,32800000e+02; 7,82976960e-01; -2,07261744e-01; 3,29211949e-01
1,33000000e+02; 7,84440242e-01; -2,08089499e-01; 3,31263211e-01
1,33200000e+02; 7,87319359e-01; -2,08820451e-01; 3,30446974e-01
1,33400000e+02; 7,89098783e-01; -2,08963273e-01; 3,31955180e-01
1,33600000e+02; 7,90035665e-01; -2,10195409e-01; 3,32128040e-01
1,33800000e+02; 7,90961574e-01; -2,11302698e-01; 3,33666750e-01
1,34000000e+02; 7,94688025e-01; -2,10482087e-01; 3,33784542e-01
1,34200000e+02; 7,95593351e-01; -2,11172318e-01; 3,35949527e-01
1,34400000e+02; 7,98641110e-01; -2,11876625e-01; 3,35972599e-01
1,34600000e+02; 8,00617832e-01; -2,12646646e-01; 3,36535994e-01
1,34800000e+02; 8,02721485e-01; -2,12833518e-01; 3,36896055e-01
1,35000000e+02; 8,05014993e-01; -2,12562320e-01; 3,39464137e-01
1,35200000e+02; 8,06469248e-01; -2,13392998e-01; 3,39871105e-01
1,35400000e+02; 8,09104503e-01; -2,13746156e-01; 3,39505559e-01
1,35600000e+02; 8,11243668e-01; -2,14422277e-01; 3,40970153e-01
1,35800000e+02; 8,12407506e-01; -2,15554112e-01; 3,42642324e-01
1,36000000e+02; 8,14211414e-01; -2,16430274e-01; 3,42974615e-01
1,36200000e+02; 8,16271891e-01; -2,16129257e-01; 3,43877922e-01
1,36400000e+02; 8,18790841e-01; -2,15330192e-01; 3,44571333e-01
1,36600000e+02; 8,21281731e-01; -2,15650100e-01; 3,46249980e-01
1,36800000e+02; 8,21683954e-01; -2,17396792e-01; 3,44605801e-01
1,37000000e+02; 8,24122690e-01; -2,17492788e-01; 3,47225579e-01
1,37200000e+02; 8,26947843e-01; -2,18009843e-01; 3,48013268e-01
1,37400000e+02; 8,29219140e-01; -2,18853438e-01; 3,48844476e-01
1,37600000e+02; 8,30632111e-01; -2,19414027e-01; 3,50029940e-01
1,37800000e+02; 8,32835680e-01; -2,20981873e-01; 3,49577877e-01
1,38000000e+02; 8,34700876e-01; -2,20032163e-01; 3,50658350e-01
1,38200000e+02; 8,36065592e-01; -2,19450355e-01; 3,51881591e-01
1,38400000e+02; 8,37796081e-01; -2,21026583e-01; 3,53517867e-01
1,38600000e+02; 8,39813466e-01; -2,21422335e-01; 3,51907294e-01
1,38800000e+02; 8,41438707e-01; -2,22049737e-01; 3,54828579e-01
1,39000000e+02; 8,43355241e-01; -2,20995575e-01; 3,55957143e-01
1,39200000e+02; 8,45823582e-01; -2,23307070e-01; 3,56440523e-01
1,39400000e+02; 8,47991501e-01; -2,23207126e-01; 3,57172246e-01
1,39600000e+02; 8,49971879e-01; -2,23571819e-01; 3,58068652e-01
1,39800000e+02; 8,52351641e-01; -2,23384500e-01; 3,58849360e-01
1,40000000e+02; 8,54247724e-01; -2,23593031e-01; 3,60378139e-01
1,40200000e+02; 8,54966373e-01; -2,25601687e-01; 3,60512978e-01
1,40400000e+02; 8,56835566e-01; -2,26664344e-01; 3,61969949e-01
1,40600000e+02; 8,59347719e-01; -2,26317928e-01; 3,62681060e-01
1,40800000e+02; 8,62071870e-01; -2,25664998e-01; 3,63073723e-01
1,41000000e+02; 8,63496556e-01; -2,27727482e-01; 3,64182370e-01
1,41200000e+02; 8,66239267e-01; -2,26440595e-01; 3,64927844e-01
1,41400000e+02; 8,69523496e-01; -2,27017300e-01; 3,65361409e-01
1,41600000e+02; 8,69494166e-01; -2,28213830e-01; 3,65648833e-01
1,41800000e+02; 8,73038264e-01; -2,27470965e-01; 3,67438091e-01
1,42000000e+02; 8,74590682e-01; -2,28872344e-01; 3,67670721e-01
1,42200000e+02; 8,74932674e-01; -2,29216005e-01; 3,68638208e-01
1,42400000e+02; 8,78512495e-01; -2,30481977e-01; 3,69780261e-01
1,42600000e+02; 8,81038478e-01; -2,30175223e-01; 3,70646580e-01
1,42800000e+02; 8,83062542e-01; -2,30934663e-01; 3,72648619e-01
1,43000000e+02; 8,84454629e-01; -2,32129472e-01; 3,72616259e-01
1,43200000e+02; 8,87096078e-01; -2,31774265e-01; 3,74406502e-01
1,43400000e+02; 8,89270916e-01; -2,32151411e-01; 3,75043671e-01
1,43600000e+02; 8,90852692e-01; -2,32613678e-01; 3,76238722e-01
1,43800000e+02; 8,93879082e-01; -2,32710664e-01; 3,76113084e-01
1,44000000e+02; 8,95323070e-01; -2,33558226e-01; 3,77072877e-01
1,44200000e+02; 8,98295319e-01; -2,34586854e-01; 3,78239053e-01
1,44400000e+02; 8,99568813e-01; -2,34767973e-01; 3,79007961e-01
1,44600000e+02; 9,02468247e-01; -2,34260526e-01; 3,79205944e-01
1,44800000e+02; 9,04658021e-01; -2,35459463e-01; 3,81407341e-01
1,45000000e+02; 9,07280597e-01; -2,35408114e-01; 3,81613048e-01
1,45200000e+02; 9,09192403e-01; -2,35198588e-01; 3,83450992e-01
1,45400000e+02; 9,10422907e-01; -2,36840494e-01; 3,82871201e-01
1,45600000e+02; 9,12539478e-01; -2,37757230e-01; 3,83138372e-01
1,45800000e+02; 9,15555952e-01; -2,38179275e-01; 3,85731157e-01
1,46000000e+02; 9,17087093e-01; -2,38076148e-01; 3,86624043e-01
1,46200000e+02; 9,20314972e-01; -2,38543919e-01; 3,87233955e-01
1,46400000e+02; 9,22066083e-01; -2,39219488e-01; 3,88315643e-01
1,46600000e+02; 9,24761809e-01; -2,38485709e-01; 3,88953076e-01
1,46800000e+02; 9,25480337e-01; -2,40525569e-01; 3,90264706e-01
1,47000000e+02; 9,29650535e-01; -2,40089751e-01; 3,90351365e-01
1,47200000e+02; 9,29763121e-01; -2,41487945e-01; 3,92752524e-01
1,47400000e+02; 9,31609771e-01; -2,41503866e-01; 3,92134940e-01
1,47600000e+02; 9,34755759e-01; -2,41869395e-01; 3,93052630e-01
1,47800000e+02; 9,36250826e-01; -2,42689823e-01; 3,93590031e-01
1,48000000e+02; 9,39290510e-01; -2,43311818e-01; 3,96265402e-01
1,48200000e+02; 9,43300299e-01; -2,43098578e-01; 3,97600894e-01
1,48400000e+02; 9,43761021e-01; -2,45208828e-01; 3,98546437e-01
1,48600000e+02; 9,46161409e-01; -2,45021799e-01; 4,00358550e-01
1,48800000e+02; 9,47962746e-01; -2,44706975e-01; 4,00688513e-01
1,49000000e+02; 9,52139597e-01; -2,44970732e-01; 4,01553349e-01
1,49200000e+02; 9,53166674e-01; -2,47461999e-01; 4,02862933e-01
1,49400000e+02; 1,80482775e-01; -1,12066733e-01; 
1,49600000e+02; 1,35154225e-01; -1,06623346e-01; 
1,49800000e+02; 1,25368577e-01; -9,86036879e-02; 
1,50000000e+02; 1,04797966e-01; -1,09748715e-01; 
1,50200000e+02; 1,00927766e-01; -9,60938071e-02; 
1,50400000e+02; 1,03127122e-01; -1,02156556e-01; 
1,50600000e+02; 9,64481802e-02; -8,39687728e-02; 
1,50800000e+02; 8,36206894e-02; -8,62142478e-02; 
1,51000000e+02; 8,03691702e-02; -1,02642822e-01; 
1,51200000e+02; 6,75559322e-02; -9,43046874e-02; 
1,51400000e+02; 9,34466952e-02; -9,08402483e-02; 
1,51600000e+02; 9,40909659e-02; -9,03980597e-02; 
1,51800000e+02; 7,32020847e-02; -1,13058075e-01; 
1,52000000e+02; 7,80754539e-02; -9,64619957e-02; 
1,52200000e+02; 7,89964131e-02; -7,79914392e-02; 
