# <defaultcodec>utf-8</defaultcodec>
Statistikexport
Zeit [s]; Dehnung (Mittelwert): Epsilon Y [%]; Querdehnung (Mittelwert): Epsilon X [%]; Verformung 1: Länge Y-Differenz [mm]
0,00000000e+00; 0,00000000e+00; 0,00000000e+00; 0,00000000e+00
2,00000000e-01; 6,26655115e-04; 4,15111025e-04; 5,35223919e-04
4,00000000e-01; -2,04961956e-04; -6,31498413e-04; 4,22271394e-04
6,00000000e-01; -3,39312739e-05; 8,13285363e-04; 1,57615135e-03
8,00000000e-01; 1,46701905e-04; -1,71835250e-04; 3,90830645e-04
1,00000000e+00; 5,03231368e-04; -9,59216130e-04; 5,44164158e-04
1,20000000e+00; -4,09121083e-04; -3,15489940e-04; 1,44380729e-03
1,40000000e+00; 8,23179896e-04; -5,36475071e-05; 1,37144571e-03
1,60000000e+00; -2,02919413e-04; 4,47057079e-04; 4,34355363e-04
1,80000000e+00; -6,39609348e-05; 3,87290381e-04; 7,63339037e-04
2,00000000e+00; -5,40176770e-05; -1,23779942e-04; 1,92082678e-03
2,20000000e+00; 3,79134851e-04; -5,07331591e-05; 1,44332604e-03
2,40000000e+00; -6,45713737e-05; -3,37244499e-04; 1,20955265e-03
2,60000000e+00; 7,73542505e-05; -4,86627343e-04; 8,95699254e-05
2,80000000e+00; 3,26764738e-04; -7,75389911e-04; 4,72045205e-04
3,00000000e+00; 1,19095238e-04; -5,94768764e-04; 5,09650600e-04
3,20000000e+00; 7,13810434e-04; -2,07762304e-05; 8,93592130e-04
3,40000000e+00; 8,18471806e-04; 1,89791935e-04; 7,80696400e-04
3,60000000e+00; -3,44979601e-04; -5,94910523e-05; 1,13840522e-03
3,80000000e+00; 7,48869594e-04; -9,82698541e-05; 3,12643926e-04
4,00000000e+00; 7,16921625e-04; -1,00131551e-04; 1,20276172e-03
4,20000000e+00; 9,53166229e-04; -7,16587333e-04; 3,11926024e-03
4,40000000e+00; 8,57988953e-04; 5,82522684e-04; 1,50497416e-03
4,60000000e+00; 1,14612424e-03; 5,30902586e-05; 1,59038260e-03
4,80000000e+00; 7,28924609e-04; -3,94246720e-04; 1,41415796e-03
5,00000000e+00; 5,89072056e-04; 1,94921802e-05; 1,53672331e-03
5,20000000e+00; 8,68829812e-04; -7,08206633e-04; 1,11478445e-03
5,40000000e+00; 7,71133966e-04; -7,30047652e-04; 5,75414109e-04
5,60000000e+00; 9,13301010e-04; -4,42771743e-04; 2,07668129e-03
5,80000000e+00; 1,04943987e-03; 4,51975850e-04; 1,72921764e-03
6,00000000e+00; 6,46777219e-04; -1,34815444e-04; 3,19145890e-04
6,20000000e+00; 1,31635199e-03; -7,82482667e-04; 1,08971271e-03
6,40000000e+00; 1,39735818e-03; 2,68122557e-04; 2,84819671e-03
6,60000000e+00; 2,82709067e-03; -1,28368361e-03; 1,85516487e-03
6,80000000e+00; 3,03506025e-03; -1,29066748e-03; 1,90068005e-03
7,00000000e+00; 4,06690250e-03; -1,35906164e-03; 2,60810302e-03
7,20000000e+00; 5,59322609e-03; -1,35567991e-03; 2,75888013e-03
7,40000000e+00; 5,78451007e-03; -1,83665569e-03; 3,06809716e-03
7,60000000e+00; 5,62443188e-03; -2,38295969e-03; 3,13678559e-03
7,80000000e+00; 6,16794704e-03; -1,64162763e-03; 2,73284562e-03
8,00000000e+00; 7,64636143e-03; -2,09742142e-03; 3,51766699e-03
8,20000000e+00; 7,73377765e-03; -1,88159009e-03; 5,06369496e-03
8,40000000e+00; 7,89959577e-03; -2,28727074e-03; 4,96025256e-03
8,60000000e+00; 8,71940180e-03; -1,99723629e-03; 4,17530516e-03
8,80000000e+00; 8,29741314e-03; -2,15560449e-03; 3,82380147e-03
9,00000000e+00; 9,29807628e-03; -2,35705198e-03; 3,53327458e-03
9,20000000e+00; 9,84434469e-03; -1,89485396e-03; 4,72029656e-03
9,40000000e+00; 1,09961152e-02; -3,72737815e-03; 5,78054537e-03
9,60000000e+00; 9,58066001e-03; -1,78979925e-03; 4,91694687e-03
9,80000000e+00; 9,76981272e-03; -2,98357540e-03; 5,29531423e-03
1,00000000e+01; 1,07243015e-02; -3,20494538e-03; 3,78351529e-03
1,02000000e+01; 1,09238526e-02; -3,01758494e-03; 7,00152241e-03
1,04000000e+01; 1,22566349e-02; -2,89628481e-03; 5,57362385e-03
1,06000000e+01; 1,29232442e-02; -3,42235537e-03; 6,51471579e-03
1,08000000e+01; 1,27152568e-02; -3,21370738e-03; 7,00868925e-03
1,10000000e+01; 1,33131575e-02; -2,62895441e-03; 6,77600506e-03
1,12000000e+01; 1,40386530e-02; -2,89331557e-03; 6,58033454e-03
1,14000000e+01; 1,53130278e-02; -3,53376028e-03; 8,15084133e-03
1,16000000e+01; 1,52480283e-02; -3,49504262e-03; 6,57680111e-03
1,18000000e+01; 1,50117557e-02; -3,52490159e-03; 7,68033372e-03
1,20000000e+01; 1,60548160e-02; -3,42035870e-03; 7,73403661e-03
1,22000000e+01; 1,67654849e-02; -4,20905436e-03; 8,81117407e-03
1,24000000e+01; 1,71046298e-02; -4,92379909e-03; 7,15481340e-03
1,26000000e+01; 1,72417158e-02; -4,22583647e-03; 9,02264735e-03
1,28000000e+01; 1,74524179e-02; -5,07388810e-03; 7,92530980e-03
1,30000000e+01; 1,78968734e-02; -4,71284356e-03; 7,43684308e-03
1,32000000e+01; 1,84294695e-02; -4,58525676e-03; 8,17275534e-03
1,34000000e+01; 1,90857822e-02; -4,50491962e-03; 8,02034987e-03
1,36000000e+01; 1,98738198e-02; -6,20773450e-03; 9,09106627e-03
1,38000000e+01; 1,94492819e-02; -4,84372220e-03; 9,00954764e-03
1,40000000e+01; 1,99835260e-02; -5,67034527e-03; 1,12865076e-02
1,42000000e+01; 2,17150473e-02; -5,47302401e-03; 1,08103850e-02
1,44000000e+01; 2,17592483e-02; -6,26436817e-03; 1,12680549e-02
1,46000000e+01; 2,30460127e-02; -5,46817970e-03; 1,10090352e-02
1,48000000e+01; 2,32134468e-02; -6,31950942e-03; 1,17913308e-02
1,50000000e+01; 2,45635313e-02; -6,49383334e-03; 1,01799344e-02
1,52000000e+01; 2,47692698e-02; -6,27210228e-03; 1,14418472e-02
1,54000000e+01; 2,50105526e-02; -7,10059051e-03; 1,16413872e-02
1,56000000e+01; 2,66282997e-02; -7,75542665e-03; 1,20347676e-02
1,58000000e+01; 2,63888716e-02; -6,99030227e-03; 1,10962975e-02
1,60000000e+01; 2,78858401e-02; -7,47631664e-03; 1,25298737e-02
1,62000000e+01; 2,79271368e-02; -6,76234644e-03; 1,33803041e-02
1,64000000e+01; 2,88620408e-02; -7,40559826e-03; 1,23126878e-02
1,66000000e+01; 2,93698755e-02; -8,31809636e-03; 1,41657530e-02
1,68000000e+01; 2,91300350e-02; -8,29656144e-03; 1,42446388e-02
1,70000000e+01; 3,11086812e-02; -7,89103113e-03; 1,30908570e-02
1,72000000e+01; 3,08389441e-02; -8,11345957e-03; 1,45076193e-02
1,74000000e+01; 3,24962914e-02; -8,67606745e-03; 1,54017145e-02
1,76000000e+01; 3,23663207e-02; -8,87559394e-03; 1,53866352e-02
1,78000000e+01; 3,28851281e-02; -8,73421558e-03; 1,61925940e-02
1,80000000e+01; 3,44514185e-02; -9,01190691e-03; 1,49021114e-02
1,82000000e+01; 3,53842057e-02; -9,00413735e-03; 1,75836922e-02
1,84000000e+01; 3,57205469e-02; -8,82804370e-03; 1,56531903e-02
1,86000000e+01; 3,72271532e-02; -9,53563963e-03; 1,52966858e-02
1,88000000e+01; 3,76386178e-02; -9,44584510e-03; 1,79649483e-02
1,90000000e+01; 3,79914774e-02; -1,09437283e-02; 1,74452582e-02
1,92000000e+01; 3,95055970e-02; -9,84778945e-03; 1,71669441e-02
1,94000000e+01; 4,02122131e-02; -1,09722249e-02; 1,90678452e-02
1,96000000e+01; 4,15629993e-02; -1,05326552e-02; 1,96383102e-02
1,98000000e+01; 4,14415785e-02; -1,14281609e-02; 1,79074618e-02
2,00000000e+01; 4,31872087e-02; -1,09722105e-02; 2,00287856e-02
2,02000000e+01; 4,30968779e-02; -1,07493873e-02; 1,97462514e-02
2,04000000e+01; 4,39586828e-02; -1,10298007e-02; 2,15272002e-02
2,06000000e+01; 4,56570497e-02; -1,14568495e-02; 2,06261662e-02
2,08000000e+01; 4,55802560e-02; -1,22400797e-02; 2,11968690e-02
2,10000000e+01; 4,59747858e-02; -1,26704952e-02; 2,09099863e-02
2,12000000e+01; 4,73032146e-02; -1,25676177e-02; 2,23356884e-02
2,14000000e+01; 4,86763460e-02; -1,24697267e-02; 2,08415629e-02
2,16000000e+01; 4,97139884e-02; -1,30247782e-02; 2,16698772e-02
2,18000000e+01; 5,11546835e-02; -1,24701154e-02; 2,26366481e-02
2,20000000e+01; 5,19760064e-02; -1,31401326e-02; 2,29541720e-02
2,22000000e+01; 5,20671859e-02; -1,39147110e-02; 2,33164593e-02
2,24000000e+01; 5,30919495e-02; -1,30358717e-02; 2,35935908e-02
2,26000000e+01; 5,37603813e-02; -1,38011609e-02; 2,50097789e-02
2,28000000e+01; 5,49150261e-02; -1,45061771e-02; 2,39600246e-02
2,30000000e+01; 5,52980274e-02; -1,46129079e-02; 2,50296100e-02
2,32000000e+01; 5,71465433e-02; -1,41531799e-02; 2,42730306e-02
2,34000000e+01; 5,83201562e-02; -1,38301603e-02; 2,68485039e-02
2,36000000e+01; 5,92831747e-02; -1,53153758e-02; 2,61195823e-02
2,38000000e+01; 5,95761485e-02; -1,51519384e-02; 2,67969284e-02
2,40000000e+01; 6,06995068e-02; -1,57756364e-02; 2,48987026e-02
2,42000000e+01; 6,15073343e-02; -1,58972533e-02; 2,80326467e-02
2,44000000e+01; 6,17349741e-02; -1,63705395e-02; 2,91228119e-02
2,46000000e+01; 6,38335084e-02; -1,59686691e-02; 2,66164183e-02
2,48000000e+01; 6,41882586e-02; -1,74589720e-02; 2,89722972e-02
2,50000000e+01; 6,49788060e-02; -1,69632294e-02; 2,82824361e-02
2,52000000e+01; 6,69036727e-02; -1,80399972e-02; 2,86258000e-02
2,54000000e+01; 6,72072313e-02; -1,70169860e-02; 2,95122474e-02
2,56000000e+01; 6,84349348e-02; -1,80029881e-02; 3,18105124e-02
2,58000000e+01; 6,88022418e-02; -1,81924342e-02; 3,04096528e-02
2,60000000e+01; 7,02901769e-02; -1,73499576e-02; 3,04135910e-02
2,62000000e+01; 7,07487067e-02; -1,77677701e-02; 2,98596039e-02
2,64000000e+01; 7,25985444e-02; -1,93643194e-02; 3,28939584e-02
2,66000000e+01; 7,39734456e-02; -1,92938445e-02; 3,63388592e-02
2,68000000e+01; 7,47134587e-02; -1,93635118e-02; 3,19379506e-02
2,70000000e+01; 7,56368258e-02; -2,04849393e-02; 3,24888903e-02
2,72000000e+01; 7,63014906e-02; -2,03197167e-02; 3,32680779e-02
2,74000000e+01; 7,80095686e-02; -2,05636887e-02; 3,42639377e-02
2,76000000e+01; 7,86019888e-02; -2,03345899e-02; 3,39942647e-02
2,78000000e+01; 7,99142583e-02; -2,12197898e-02; 3,31891964e-02
2,80000000e+01; 8,12465789e-02; -2,05362943e-02; 3,39854715e-02
2,82000000e+01; 8,19278499e-02; -2,16112513e-02; 3,50708356e-02
2,84000000e+01; 8,23804573e-02; -2,04050199e-02; 3,56953104e-02
2,86000000e+01; 8,32450303e-02; -2,18182107e-02; 3,66267797e-02
2,88000000e+01; 8,39735488e-02; -2,16603375e-02; 3,67898184e-02
2,90000000e+01; 8,50442929e-02; -2,22159567e-02; 3,71145798e-02
2,92000000e+01; 8,64747720e-02; -2,16016723e-02; 3,76517932e-02
2,94000000e+01; 8,74765672e-02; -2,28736323e-02; 3,78025716e-02
2,96000000e+01; 8,87560590e-02; -2,32603695e-02; 3,60383802e-02
2,98000000e+01; 8,94389353e-02; -2,30247025e-02; 3,85644786e-02
3,00000000e+01; 9,05823644e-02; -2,26492513e-02; 4,01734016e-02
3,02000000e+01; 9,08727981e-02; -2,29531071e-02; 3,84139231e-02
3,04000000e+01; 9,20411596e-02; -2,36327887e-02; 3,95066950e-02
3,06000000e+01; 9,26448789e-02; -2,32987773e-02; 4,22845827e-02
3,08000000e+01; 9,35659557e-02; -2,39737724e-02; 3,95798856e-02
3,10000000e+01; 9,49656961e-02; -2,43428768e-02; 4,14329020e-02
3,12000000e+01; 9,64886370e-02; -2,42946778e-02; 4,13545091e-02
3,14000000e+01; 9,67968569e-02; -2,41347006e-02; 4,14864255e-02
3,16000000e+01; 9,86187922e-02; -2,57038236e-02; 4,23247655e-02
3,18000000e+01; 9,90909538e-02; -2,56402657e-02; 4,23038593e-02
3,20000000e+01; 1,00628523e-01; -2,54503926e-02; 4,31916991e-02
3,22000000e+01; 1,01323159e-01; -2,65690195e-02; 4,35711781e-02
3,24000000e+01; 1,01875374e-01; -2,56901906e-02; 4,51953444e-02
3,26000000e+01; 1,02411408e-01; -2,60936695e-02; 4,46315538e-02
3,28000000e+01; 1,03862298e-01; -2,71736304e-02; 4,54543407e-02
3,30000000e+01; 1,04938241e-01; -2,76239076e-02; 4,55243701e-02
3,32000000e+01; 1,06335977e-01; -2,71229370e-02; 4,70551402e-02
3,34000000e+01; 1,07719428e-01; -2,76591719e-02; 4,65539842e-02
3,36000000e+01; 1,07891158e-01; -2,79660980e-02; 4,86542206e-02
3,38000000e+01; 1,09716848e-01; -2,90604476e-02; 4,92709691e-02
3,40000000e+01; 1,10226438e-01; -2,85993135e-02; 4,71069898e-02
3,42000000e+01; 1,12131646e-01; -2,90261408e-02; 4,78605238e-02
3,44000000e+01; 1,13227844e-01; -2,91222156e-02; 4,84290459e-02
3,46000000e+01; 1,13931034e-01; -2,90191578e-02; 5,01468058e-02
3,48000000e+01; 1,15012331e-01; -3,00218736e-02; 4,99726152e-02
3,50000000e+01; 1,16280222e-01; -3,02287848e-02; 5,04445680e-02
3,52000000e+01; 1,17244901e-01; -3,03909885e-02; 5,20762456e-02
3,54000000e+01; 1,18471865e-01; -3,12054268e-02; 5,19472725e-02
3,56000000e+01; 1,19218160e-01; -3,13522921e-02; 5,05513603e-02
3,58000000e+01; 1,20382677e-01; -3,14686904e-02; 5,12924936e-02
3,60000000e+01; 1,21142415e-01; -3,23202723e-02; 5,21562730e-02
3,62000000e+01; 1,22471357e-01; -3,20136704e-02; 5,31248882e-02
3,64000000e+01; 1,23395983e-01; -3,32899245e-02; 5,32653336e-02
3,66000000e+01; 1,24399045e-01; -3,13776827e-02; 5,49551572e-02
3,68000000e+01; 1,25634387e-01; -3,24769348e-02; 5,41845895e-02
3,70000000e+01; 1,27205653e-01; -3,29981035e-02; 5,50081164e-02
3,72000000e+01; 1,27828812e-01; -3,33818499e-02; 5,55100491e-02
3,74000000e+01; 1,29275790e-01; -3,34974655e-02; 5,49429338e-02
3,76000000e+01; 1,30429651e-01; -3,44005063e-02; 5,48318595e-02
3,78000000e+01; 1,31092929e-01; -3,38366292e-02; 5,53809727e-02
3,80000000e+01; 1,31574258e-01; -3,41876074e-02; 5,66811499e-02
3,82000000e+01; 1,33956884e-01; -3,39955146e-02; 5,73124848e-02
3,84000000e+01; 1,34156810e-01; -3,58285255e-02; 5,85096162e-02
3,86000000e+01; 1,35036217e-01; -3,51381409e-02; 5,90398895e-02
3,88000000e+01; 1,36764744e-01; -3,49074975e-02; 6,06094763e-02
3,90000000e+01; 1,37477351e-01; -3,60942118e-02; 6,00922075e-02
3,92000000e+01; 1,38923743e-01; -3,60299344e-02; 6,07688783e-02
3,94000000e+01; 1,40146248e-01; -3,62120478e-02; 6,25263436e-02
3,96000000e+01; 1,41708826e-01; -3,71489927e-02; 6,13728694e-02
3,98000000e+01; 1,42542416e-01; -3,72085284e-02; 6,19430024e-02
4,00000000e+01; 1,44008326e-01; -3,74061169e-02; 6,15997466e-02
4,02000000e+01; 1,45982665e-01; -3,83682114e-02; 6,21565524e-02
4,04000000e+01; 1,46628781e-01; -3,86380030e-02; 6,42316876e-02
4,06000000e+01; 1,47640735e-01; -3,88169088e-02; 6,42715212e-02
4,08000000e+01; 1,48468404e-01; -3,88153074e-02; 6,27990573e-02
4,10000000e+01; 1,49672567e-01; -3,93899417e-02; 6,53953546e-02
4,12000000e+01; 1,51343222e-01; -4,00644655e-02; 6,66552771e-02
4,14000000e+01; 1,52930697e-01; -3,84976541e-02; 6,61099465e-02
4,16000000e+01; 1,53590276e-01; -3,93237651e-02; 6,57792193e-02
4,18000000e+01; 1,55622060e-01; -4,06729658e-02; 6,76803089e-02
4,20000000e+01; 1,55683876e-01; -4,13955025e-02; 6,59970356e-02
4,22000000e+01; 1,58249110e-01; -4,05731096e-02; 6,83617508e-02
4,24000000e+01; 1,58236478e-01; -4,16330846e-02; 6,85083909e-02
4,26000000e+01; 1,60090676e-01; -4,16206030e-02; 7,04451009e-02
4,28000000e+01; 1,60600452e-01; -4,25442762e-02; 6,88922525e-02
4,30000000e+01; 1,62295472e-01; -4,20738876e-02; 6,98475673e-02
4,32000000e+01; 1,62950609e-01; -4,33420536e-02; 7,11009531e-02
4,34000000e+01; 1,64885751e-01; -4,33722853e-02; 7,04085125e-02
4,36000000e+01; 1,67229628e-01; -4,35562240e-02; 7,29650181e-02
4,38000000e+01; 1,67953403e-01; -4,45295447e-02; 7,17647080e-02
4,40000000e+01; 1,69138655e-01; -4,43662533e-02; 7,32507164e-02
4,42000000e+01; 1,70715345e-01; -4,39788276e-02; 7,36282627e-02
4,44000000e+01; 1,70097217e-01; -4,48177682e-02; 7,43143896e-02
4,46000000e+01; 1,73025509e-01; -4,49843200e-02; 7,51741707e-02
4,48000000e+01; 1,74141173e-01; -4,59234994e-02; 7,46601504e-02
4,50000000e+01; 1,74960517e-01; -4,56842754e-02; 7,52203203e-02
4,52000000e+01; 1,76372451e-01; -4,71549287e-02; 7,70367542e-02
4,54000000e+01; 1,77197824e-01; -4,63924981e-02; 7,62556905e-02
4,56000000e+01; 1,78069383e-01; -4,71297822e-02; 7,78827499e-02
4,58000000e+01; 1,79754692e-01; -4,76651133e-02; 7,58553085e-02
4,60000000e+01; 1,82514299e-01; -4,70549161e-02; 7,77098308e-02
4,62000000e+01; 1,82724022e-01; -4,75974652e-02; 7,96541184e-02
4,64000000e+01; 1,84137062e-01; -4,74932413e-02; 8,00552846e-02
4,66000000e+01; 1,84930146e-01; -4,89006305e-02; 7,94960824e-02
4,68000000e+01; 1,86245998e-01; -4,79255112e-02; 8,00259842e-02
4,70000000e+01; 1,88188188e-01; -4,82333907e-02; 7,97253722e-02
4,72000000e+01; 1,89962706e-01; -4,84889849e-02; 8,16585749e-02
4,74000000e+01; 1,90010987e-01; -5,00417262e-02; 8,18945382e-02
4,76000000e+01; 1,92454585e-01; -5,02849309e-02; 8,35259001e-02
4,78000000e+01; 1,93375958e-01; -5,07975905e-02; 8,25316902e-02
4,80000000e+01; 1,94385893e-01; -5,11740937e-02; 8,41235086e-02
4,82000000e+01; 1,96065179e-01; -5,12924637e-02; 8,62572399e-02
4,84000000e+01; 1,97456803e-01; -5,24810196e-02; 8,53901953e-02
4,86000000e+01; 1,99011567e-01; -5,18106695e-02; 8,58983590e-02
4,88000000e+01; 2,00370454e-01; -5,21323698e-02; 8,63467096e-02
4,90000000e+01; 2,01091405e-01; -5,20847443e-02; 8,49334509e-02
4,92000000e+01; 2,01944765e-01; -5,27828556e-02; 8,52421340e-02
4,94000000e+01; 2,03140482e-01; -5,26201173e-02; 8,73613795e-02
4,96000000e+01; 2,05101163e-01; -5,42411528e-02; 8,83061854e-02
4,98000000e+01; 2,05282881e-01; -5,32146196e-02; 8,88344466e-02
5,00000000e+01; 2,06427454e-01; -5,33939906e-02; 8,83647137e-02
5,02000000e+01; 2,08183966e-01; -5,39798859e-02; 9,06533246e-02
5,04000000e+01; 2,09312117e-01; -5,45175015e-02; 9,04491468e-02
5,06000000e+01; 2,10399328e-01; -5,44242128e-02; 9,11211017e-02
5,08000000e+01; 2,12231818e-01; -5,44981578e-02; 9,14254565e-02
5,10000000e+01; 2,13681497e-01; -5,56745781e-02; 9,14345252e-02
5,12000000e+01; 2,14960407e-01; -5,67792340e-02; 9,05071497e-02
5,14000000e+01; 2,16010540e-01; -5,59309742e-02; 9,26977393e-02
5,16000000e+01; 2,16397630e-01; -5,76140838e-02; 9,27486666e-02
5,18000000e+01; 2,17965465e-01; -5,82328417e-02; 9,44858207e-02
5,20000000e+01; 2,18558234e-01; -5,62353989e-02; 9,51444642e-02
5,22000000e+01; 2,20887415e-01; -5,66060469e-02; 9,48885518e-02
5,24000000e+01; 2,21293475e-01; -5,81562992e-02; 9,43779890e-02
5,26000000e+01; 2,23370573e-01; -5,76962290e-02; 9,72659218e-02
5,28000000e+01; 2,24638597e-01; -5,87276763e-02; 9,63516191e-02
5,30000000e+01; 2,26815863e-01; -5,88443566e-02; 9,73855563e-02
5,32000000e+01; 2,27418642e-01; -5,88769520e-02; 9,71445894e-02
5,34000000e+01; 2,28423101e-01; -5,91949395e-02; 9,95623974e-02
5,36000000e+01; 2,29653477e-01; -6,01960737e-02; 9,99202064e-02
5,38000000e+01; 2,31690725e-01; -5,98990595e-02; 9,92124178e-02
5,40000000e+01; 2,32624617e-01; -6,11669290e-02; 9,88844530e-02
5,42000000e+01; 2,33214668e-01; -6,18436413e-02; 1,00050184e-01
5,44000000e+01; 2,34562704e-01; -6,25056078e-02; 1,01142344e-01
5,46000000e+01; 2,36075920e-01; -6,20200075e-02; 1,01222914e-01
5,48000000e+01; 2,38080046e-01; -6,14201682e-02; 1,02023569e-01
5,50000000e+01; 2,39046009e-01; -6,22098437e-02; 1,03560808e-01
5,52000000e+01; 2,40105060e-01; -6,30804873e-02; 1,04554311e-01
5,54000000e+01; 2,41688959e-01; -6,33086781e-02; 1,03214434e-01
5,56000000e+01; 2,43647689e-01; -6,47079592e-02; 1,05037490e-01
5,58000000e+01; 2,43877996e-01; -6,49879153e-02; 1,05045384e-01
5,60000000e+01; 2,45808232e-01; -6,49183006e-02; 1,04488880e-01
5,62000000e+01; 2,46024264e-01; -6,47186848e-02; 1,06491511e-01
5,64000000e+01; 2,47641730e-01; -6,49357630e-02; 1,06971706e-01
5,66000000e+01; 2,48912257e-01; -6,61409529e-02; 1,07075789e-01
5,68000000e+01; 2,49975655e-01; -6,65073967e-02; 1,08030024e-01
5,70000000e+01; 2,51998440e-01; -6,68964722e-02; 1,07480454e-01
5,72000000e+01; 2,53297915e-01; -6,74779270e-02; 1,08897561e-01
5,74000000e+01; 2,54773752e-01; -6,67084769e-02; 1,09134585e-01
5,76000000e+01; 2,55695840e-01; -6,70729341e-02; 1,10482084e-01
5,78000000e+01; 2,57484546e-01; -6,69566298e-02; 1,08853591e-01
5,80000000e+01; 2,58373508e-01; -6,84392257e-02; 1,09078452e-01
5,82000000e+01; 2,59770809e-01; -6,83047645e-02; 1,11704573e-01
5,84000000e+01; 2,60619383e-01; -6,93431932e-02; 1,12518787e-01
5,86000000e+01; 2,62515350e-01; -6,85281513e-02; 1,12439723e-01
5,88000000e+01; 2,64121356e-01; -6,97085019e-02; 1,14113891e-01
5,90000000e+01; 2,65419784e-01; -6,91049964e-02; 1,13764695e-01
5,92000000e+01; 2,66500761e-01; -6,96193792e-02; 1,14468396e-01
5,94000000e+01; 2,67830994e-01; -7,12808966e-02; 1,13786354e-01
5,96000000e+01; 2,68252325e-01; -7,05642261e-02; 1,15074184e-01
5,98000000e+01; 2,70268700e-01; -7,11377288e-02; 1,16193100e-01
6,00000000e+01; 2,71038793e-01; -7,16956671e-02; 1,15108808e-01
6,02000000e+01; 2,73030775e-01; -7,15211618e-02; 1,16638597e-01
6,04000000e+01; 2,73532136e-01; -7,07057121e-02; 1,16420065e-01
6,06000000e+01; 2,75380159e-01; -7,22199048e-02; 1,17248101e-01
6,08000000e+01; 2,76431888e-01; -7,27174435e-02; 1,18461401e-01
6,10000000e+01; 2,77306991e-01; -7,23373026e-02; 1,19043192e-01
6,12000000e+01; 2,78729163e-01; -7,31373895e-02; 1,19525051e-01
6,14000000e+01; 2,79786516e-01; -7,31701693e-02; 1,19912855e-01
6,16000000e+01; 2,81825225e-01; -7,24631388e-02; 1,21235093e-01
6,18000000e+01; 2,82975989e-01; -7,36540514e-02; 1,21253597e-01
6,20000000e+01; 2,83799882e-01; -7,39661091e-02; 1,21424755e-01
6,22000000e+01; 2,85840510e-01; -7,50078556e-02; 1,21232187e-01
6,24000000e+01; 2,86198830e-01; -7,49206374e-02; 1,23449715e-01
6,26000000e+01; 2,87705838e-01; -7,50761093e-02; 1,23392108e-01
6,28000000e+01; 2,89002113e-01; -7,56309201e-02; 1,22965307e-01
6,30000000e+01; 2,90651903e-01; -7,51770694e-02; 1,24032578e-01
6,32000000e+01; 2,92691033e-01; -7,70102224e-02; 1,23963366e-01
6,34000000e+01; 2,93527204e-01; -7,67960062e-02; 1,27349091e-01
6,36000000e+01; 2,94042838e-01; -7,61709173e-02; 1,27053705e-01
6,38000000e+01; 2,94944942e-01; -7,63838076e-02; 1,26999035e-01
6,40000000e+01; 2,97194320e-01; -7,72679440e-02; 1,27898880e-01
6,42000000e+01; 2,98431633e-01; -7,69219338e-02; 1,27808711e-01
6,44000000e+01; 3,00145865e-01; -7,82066289e-02; 1,27888917e-01
6,46000000e+01; 3,00626281e-01; -7,83281566e-02; 1,29377182e-01
6,48000000e+01; 3,02172611e-01; -7,94252163e-02; 1,28050953e-01
6,50000000e+01; 3,04016497e-01; -8,02360198e-02; 1,30363182e-01
6,52000000e+01; 3,05134729e-01; -8,01328739e-02; 1,29974771e-01
6,54000000e+01; 3,05372742e-01; -7,98604701e-02; 1,30938426e-01
6,56000000e+01; 3,07701800e-01; -8,05133701e-02; 1,32274538e-01
6,58000000e+01; 3,08418980e-01; -8,17455078e-02; 1,32401624e-01
6,60000000e+01; 3,10489430e-01; -8,06671921e-02; 1,33994606e-01
6,62000000e+01; 3,11522154e-01; -8,20957282e-02; 1,33165567e-01
6,64000000e+01; 3,12988092e-01; -8,17684135e-02; 1,34401909e-01
6,66000000e+01; 3,14128333e-01; -8,21117495e-02; 1,34994027e-01
6,68000000e+01; 3,15418812e-01; -8,26582266e-02; 1,34809205e-01
6,70000000e+01; 3,16691420e-01; -8,29798219e-02; 1,35251232e-01
6,72000000e+01; 3,17819109e-01; -8,27745508e-02; 1,35546120e-01
6,74000000e+01; 3,19773215e-01; -8,40116587e-02; 1,35935744e-01
6,76000000e+01; 3,20474135e-01; -8,35883678e-02; 1,35756558e-01
6,78000000e+01; 3,22040936e-01; -8,42431419e-02; 1,38271930e-01
6,80000000e+01; 3,22294276e-01; -8,46584027e-02; 1,38576649e-01
6,82000000e+01; 3,24356673e-01; -8,50835349e-02; 1,38552529e-01
6,84000000e+01; 3,25494836e-01; -8,64484974e-02; 1,38068133e-01
6,86000000e+01; 3,27907883e-01; -8,67259128e-02; 1,39601832e-01
6,88000000e+01; 3,27658420e-01; -8,52184632e-02; 1,40338335e-01
6,90000000e+01; 3,29482704e-01; -8,63455730e-02; 1,40350341e-01
6,92000000e+01; 3,30199372e-01; -8,60738966e-02; 1,40700088e-01
6,94000000e+01; 3,32569166e-01; -8,71619957e-02; 1,41180017e-01
6,96000000e+01; 3,33301592e-01; -8,79512261e-02; 1,42918166e-01
6,98000000e+01; 3,35132072e-01; -8,75680744e-02; 1,43382093e-01
7,00000000e+01; 3,36876258e-01; -8,79453856e-02; 1,42589170e-01
7,02000000e+01; 3,37766783e-01; -8,82179607e-02; 1,44396594e-01
7,04000000e+01; 3,38873613e-01; -8,98134142e-02; 1,46028104e-01
7,06000000e+01; 3,40279690e-01; -8,95203874e-02; 1,45834639e-01
7,08000000e+01; 3,40541220e-01; -8,92413822e-02; 1,44799048e-01
7,10000000e+01; 3,42709370e-01; -9,11644636e-02; 1,46765262e-01
7,12000000e+01; 3,44300435e-01; -9,06437139e-02; 1,46776749e-01
7,14000000e+01; 3,45520827e-01; -9,03130066e-02; 1,47929454e-01
7,16000000e+01; 3,47101402e-01; -9,03416105e-02; 1,47783945e-01
7,18000000e+01; 3,48773487e-01; -9,12530470e-02; 1,49087815e-01
7,20000000e+01; 3,49011569e-01; -9,15843489e-02; 1,49867029e-01
7,22000000e+01; 3,51328927e-01; -9,15473779e-02; 1,49146209e-01
7,24000000e+01; 3,52751087e-01; -9,20782968e-02; 1,52504492e-01
7,26000000e+01; 3,53615690e-01; -9,21357767e-02; 1,51678127e-01
7,28000000e+01; 3,54638788e-01; -9,25198988e-02; 1,52441724e-01
7,30000000e+01; 3,56525375e-01; -9,31511944e-02; 1,53358104e-01
7,32000000e+01; 3,57828763e-01; -9,38011750e-02; 1,53998872e-01
7,34000000e+01; 3,58913018e-01; -9,40906357e-02; 1,53697964e-01
7,36000000e+01; 3,60001325e-01; -9,40507498e-02; 1,53852356e-01
7,38000000e+01; 3,61223943e-01; -9,39248925e-02; 1,53479214e-01
7,40000000e+01; 3,62856357e-01; -9,38489036e-02; 1,54760588e-01
7,42000000e+01; 3,63608929e-01; -9,55878106e-02; 1,56148299e-01
7,44000000e+01; 3,64393531e-01; -9,60606469e-02; 1,55396519e-01
7,46000000e+01; 3,66478432e-01; -9,58456851e-02; 1,57495384e-01
7,48000000e+01; 3,67810267e-01; -9,60146209e-02; 1,56918415e-01
7,50000000e+01; 3,69340888e-01; -9,62467456e-02; 1,57483193e-01
7,52000000e+01; 3,71447511e-01; -9,58721443e-02; 1,60539768e-01
7,54000000e+01; 3,72109972e-01; -9,66548007e-02; 1,58656318e-01
7,56000000e+01; 3,72269240e-01; -9,68602588e-02; 1,60073118e-01
7,58000000e+01; 3,75303086e-01; -9,82568493e-02; 1,59897525e-01
7,60000000e+01; 3,76558085e-01; -9,73856816e-02; 1,61132587e-01
7,62000000e+01; 3,77644361e-01; -9,83108931e-02; 1,61005368e-01
7,64000000e+01; 3,78072543e-01; -9,88189060e-02; 1,61022031e-01
7,66000000e+01; 3,79497483e-01; -9,91696510e-02; 1,62393028e-01
7,68000000e+01; 3,81619178e-01; -1,00040791e-01; 1,63103383e-01
7,70000000e+01; 3,82972881e-01; -9,98466109e-02; 1,62356694e-01
7,72000000e+01; 3,83714917e-01; -1,00272190e-01; 1,63424171e-01
7,74000000e+01; 3,85984601e-01; -1,00119688e-01; 1,63670578e-01
7,76000000e+01; 3,86961839e-01; -1,00665435e-01; 1,67087915e-01
7,78000000e+01; 3,87211023e-01; -1,00729444e-01; 1,66527314e-01
7,80000000e+01; 3,90213531e-01; -1,02258719e-01; 1,66677883e-01
7,82000000e+01; 3,90485168e-01; -1,02144654e-01; 1,66836189e-01
7,84000000e+01; 3,91922633e-01; -1,02959579e-01; 1,67244263e-01
7,86000000e+01; 3,94138521e-01; -1,02134230e-01; 1,69123258e-01
7,88000000e+01; 3,95224190e-01; -1,03306506e-01; 1,69962731e-01
7,90000000e+01; 3,96655181e-01; -1,02873866e-01; 1,69931850e-01
7,92000000e+01; 3,98071297e-01; -1,03336190e-01; 1,70415204e-01
7,94000000e+01; 3,98298966e-01; -1,03844907e-01; 1,70997381e-01
7,96000000e+01; 4,00136152e-01; -1,03898114e-01; 1,71059872e-01
7,98000000e+01; 4,01925154e-01; -1,04912886e-01; 1,72378092e-01
8,00000000e+01; 4,02739561e-01; -1,03648356e-01; 1,72719072e-01
8,02000000e+01; 4,03934807e-01; -1,05064423e-01; 1,72687032e-01
8,04000000e+01; 4,05388056e-01; -1,05936877e-01; 1,74274429e-01
8,06000000e+01; 4,06587296e-01; -1,06583196e-01; 1,73995218e-01
8,08000000e+01; 4,07645225e-01; -1,05764864e-01; 1,73616534e-01
8,10000000e+01; 4,08957551e-01; -1,07722468e-01; 1,74905553e-01
8,12000000e+01; 4,11216040e-01; -1,06275663e-01; 1,75953264e-01
8,14000000e+01; 4,12534286e-01; -1,07746575e-01; 1,75359483e-01
8,16000000e+01; 4,13554731e-01; -1,07552490e-01; 1,76640305e-01
8,18000000e+01; 4,15358435e-01; -1,08780176e-01; 1,77444746e-01
8,20000000e+01; 4,17310158e-01; -1,08186815e-01; 1,77635208e-01
8,22000000e+01; 4,17805754e-01; -1,08592200e-01; 1,78772691e-01
8,24000000e+01; 4,18840659e-01; -1,08929931e-01; 1,79230604e-01
8,26000000e+01; 4,19962096e-01; -1,09165821e-01; 1,80107477e-01
8,28000000e+01; 4,21945762e-01; -1,09979213e-01; 1,79121284e-01
8,30000000e+01; 4,22837543e-01; -1,10464725e-01; 1,82149911e-01
8,32000000e+01; 4,24893701e-01; -1,09938476e-01; 1,81808972e-01
8,34000000e+01; 4,25893556e-01; -1,11904658e-01; 1,82151612e-01
8,36000000e+01; 4,27494352e-01; -1,11543416e-01; 1,83593249e-01
8,38000000e+01; 4,28928446e-01; -1,11463586e-01; 1,83609898e-01
8,40000000e+01; 4,29539137e-01; -1,11696150e-01; 1,83577572e-01
8,42000000e+01; 4,31725462e-01; -1,13041009e-01; 1,84796858e-01
8,44000000e+01; 4,32787173e-01; -1,12962769e-01; 1,86299720e-01
8,46000000e+01; 4,33683179e-01; -1,13380670e-01; 1,86241405e-01
8,48000000e+01; 4,35261029e-01; -1,12925541e-01; 1,86179373e-01
8,50000000e+01; 4,37563818e-01; -1,13280347e-01; 1,87279380e-01
8,52000000e+01; 4,38559933e-01; -1,13242120e-01; 1,88755815e-01
8,54000000e+01; 4,39972761e-01; -1,14782350e-01; 1,88781701e-01
8,56000000e+01; 4,41198901e-01; -1,15195846e-01; 1,88465081e-01
8,58000000e+01; 4,43574955e-01; -1,15602463e-01; 1,90063085e-01
8,60000000e+01; 4,44744172e-01; -1,15532505e-01; 1,90271036e-01
8,62000000e+01; 4,45960238e-01; -1,15968694e-01; 1,90817824e-01
8,64000000e+01; 4,46601181e-01; -1,16084205e-01; 1,90241657e-01
8,66000000e+01; 4,47979139e-01; -1,15487503e-01; 1,91221952e-01
8,68000000e+01; 4,50225915e-01; -1,16514895e-01; 1,92545846e-01
8,70000000e+01; 4,50985158e-01; -1,16783185e-01; 1,92651045e-01
8,72000000e+01; 4,52530244e-01; -1,17640057e-01; 1,93932603e-01
8,74000000e+01; 4,52934315e-01; -1,17647763e-01; 1,94368407e-01
8,76000000e+01; 4,55459603e-01; -1,17459660e-01; 1,95057510e-01
8,78000000e+01; 4,56883730e-01; -1,17611037e-01; 1,94992345e-01
8,80000000e+01; 4,58861026e-01; -1,18942322e-01; 1,95508460e-01
8,82000000e+01; 4,59876366e-01; -1,18363601e-01; 1,96893336e-01
8,84000000e+01; 4,61368504e-01; -1,18418148e-01; 1,97749359e-01
8,86000000e+01; 4,62221366e-01; -1,19331709e-01; 1,98187180e-01
8,88000000e+01; 4,63816623e-01; -1,19977889e-01; 1,96996562e-01
8,90000000e+01; 4,65060294e-01; -1,19618819e-01; 1,99292175e-01
8,92000000e+01; 4,65385868e-01; -1,21428244e-01; 2,00412350e-01
8,94000000e+01; 4,67975310e-01; -1,20493639e-01; 1,98944109e-01
8,96000000e+01; 4,69468709e-01; -1,21303655e-01; 1,99525617e-01
8,98000000e+01; 4,71055526e-01; -1,21691269e-01; 2,01455612e-01
9,00000000e+01; 4,72111217e-01; -1,21509883e-01; 2,02004695e-01
9,02000000e+01; 4,73336286e-01; -1,21914273e-01; 2,02050711e-01
9,04000000e+01; 4,74892887e-01; -1,22953380e-01; 2,02000963e-01
9,06000000e+01; 4,76370174e-01; -1,22408614e-01; 2,04744755e-01
9,08000000e+01; 4,77407730e-01; -1,22910458e-01; 2,05545707e-01
9,10000000e+01; 4,78932588e-01; -1,23519202e-01; 2,03881142e-01
9,12000000e+01; 4,81230933e-01; -1,24732959e-01; 2,05613410e-01
9,14000000e+01; 4,81757061e-01; -1,23751557e-01; 2,07269017e-01
9,16000000e+01; 4,83110658e-01; -1,24589019e-01; 2,06888100e-01
9,18000000e+01; 4,84618598e-01; -1,24923376e-01; 2,08279256e-01
9,20000000e+01; 4,86153714e-01; -1,25741110e-01; 2,08454032e-01
9,22000000e+01; 4,88164813e-01; -1,26008280e-01; 2,10470542e-01
9,24000000e+01; 4,88236001e-01; -1,26114694e-01; 2,09419125e-01
9,26000000e+01; 4,90839512e-01; -1,26782901e-01; 2,11285036e-01
9,28000000e+01; 4,92089246e-01; -1,27294123e-01; 2,11556937e-01
9,30000000e+01; 4,94284047e-01; -1,27420630e-01; 2,11812158e-01
9,32000000e+01; 4,94943955e-01; -1,27311758e-01; 2,12974037e-01
9,34000000e+01; 4,96250890e-01; -1,28010544e-01; 2,11799914e-01
9,36000000e+01; 4,98075119e-01; -1,28131411e-01; 2,13282056e-01
9,38000000e+01; 4,99916909e-01; -1,28391605e-01; 2,12422266e-01
9,40000000e+01; 5,00426740e-01; -1,28529228e-01; 2,14462987e-01
9,42000000e+01; 5,02242836e-01; -1,28942386e-01; 2,15643414e-01
9,44000000e+01; 5,03853891e-01; -1,29411280e-01; 2,15734466e-01
9,46000000e+01; 5,04883487e-01; -1,29918146e-01; 2,16600601e-01
9,48000000e+01; 5,06859543e-01; -1,30255200e-01; 2,17361264e-01
9,50000000e+01; 5,08079976e-01; -1,31082539e-01; 2,17331838e-01
9,52000000e+01; 5,09593653e-01; -1,30633798e-01; 2,17051162e-01
9,54000000e+01; 5,10991755e-01; -1,31763623e-01; 2,18150349e-01
9,56000000e+01; 5,11927074e-01; -1,31810871e-01; 2,19025370e-01
9,58000000e+01; 5,13927249e-01; -1,32060663e-01; 2,19851408e-01
9,60000000e+01; 5,15398024e-01; -1,32389078e-01; 2,19426538e-01
9,62000000e+01; 5,16973931e-01; -1,33521677e-01; 2,21645701e-01
9,64000000e+01; 5,18494381e-01; -1,34495186e-01; 2,21220075e-01
9,66000000e+01; 5,19936344e-01; -1,33074730e-01; 2,22429740e-01
9,68000000e+01; 5,21167313e-01; -1,33406040e-01; 2,24263542e-01
9,70000000e+01; 5,22121142e-01; -1,34735961e-01; 2,23251319e-01
9,72000000e+01; 5,23350682e-01; -1,34530962e-01; 2,24442495e-01
9,74000000e+01; 5,24970352e-01; -1,34803064e-01; 2,23948025e-01
9,76000000e+01; 5,26653632e-01; -1,35150434e-01; 2,25505558e-01
9,78000000e+01; 5,28728155e-01; -1,35329005e-01; 2,26055942e-01
9,80000000e+01; 5,29885902e-01; -1,35118491e-01; 2,27066813e-01
9,82000000e+01; 5,31055624e-01; -1,35911191e-01; 2,28698533e-01
9,84000000e+01; 5,33249923e-01; -1,36787488e-01; 2,27662659e-01
9,86000000e+01; 5,34209023e-01; -1,38225989e-01; 2,29153704e-01
9,88000000e+01; 5,35735920e-01; -1,37129109e-01; 2,28848584e-01
9,90000000e+01; 5,37720582e-01; -1,37946900e-01; 2,29244046e-01
9,92000000e+01; 5,38435732e-01; -1,38631792e-01; 2,30452200e-01
9,94000000e+01; 5,40930648e-01; -1,38738058e-01; 2,32215422e-01
9,96000000e+01; 5,41811027e-01; -1,39074344e-01; 2,31377886e-01
9,98000000e+01; 5,43576260e-01; -1,39246700e-01; 2,32367080e-01
1,00000000e+02; 5,44914185e-01; -1,39594182e-01; 2,33179175e-01
1,00200000e+02; 5,46999634e-01; -1,40481670e-01; 2,33360326e-01
1,00400000e+02; 5,48418070e-01; -1,40724762e-01; 2,35267342e-01
1,00600000e+02; 5,49795085e-01; -1,41050726e-01; 2,35814782e-01
1,00800000e+02; 5,51477201e-01; -1,41579875e-01; 2,36540533e-01
1,01000000e+02; 5,52857171e-01; -1,42833529e-01; 2,37600886e-01
1,01200000e+02; 5,54362113e-01; -1,42124692e-01; 2,36053314e-01
1,01400000e+02; 5,55443098e-01; -1,42070182e-01; 2,37698002e-01
1,01600000e+02; 5,57679648e-01; -1,42507384e-01; 2,39004695e-01
1,01800000e+02; 5,58038319e-01; -1,41905274e-01; 2,39244713e-01
1,02000000e+02; 5,60941889e-01; -1,42287785e-01; 2,40089259e-01
1,02200000e+02; 5,62676717e-01; -1,43657443e-01; 2,42033221e-01
1,02400000e+02; 5,63516106e-01; -1,43585943e-01; 2,42979600e-01
1,02600000e+02; 5,65835116e-01; -1,44207123e-01; 2,41936694e-01
1,02800000e+02; 5,67179523e-01; -1,44206995e-01; 2,44212681e-01
1,03000000e+02; 5,68010452e-01; -1,44821207e-01; 2,43993110e-01
1,03200000e+02; 5,69833800e-01; -1,45044477e-01; 2,43360424e-01
1,03400000e+02; 5,72181785e-01; -1,44951490e-01; 2,45347064e-01
1,03600000e+02; 5,72675685e-01; -1,45284289e-01; 2,45088754e-01
1,03800000e+02; 5,73772040e-01; -1,46620637e-01; 2,44448918e-01
1,04000000e+02; 5,76366682e-01; -1,46514332e-01; 2,48390295e-01
1,04200000e+02; 5,78392003e-01; -1,46491890e-01; 2,48162302e-01
1,04400000e+02; 5,79737180e-01; -1,47826998e-01; 2,48119432e-01
1,04600000e+02; 5,80200046e-01; -1,47282678e-01; 2,48614463e-01
1,04800000e+02; 5,82255726e-01; -1,48012004e-01; 2,50169753e-01
1,05000000e+02; 5,83677228e-01; -1,48404664e-01; 2,49207632e-01
1,05200000e+02; 5,85839761e-01; -1,48400218e-01; 2,50685139e-01
1,05400000e+02; 5,87004985e-01; -1,49104333e-01; 2,51505172e-01
1,05600000e+02; 5,90015188e-01; -1,49827534e-01; 2,51367804e-01
1,05800000e+02; 5,90296718e-01; -1,49714580e-01; 2,53803449e-01
1,06000000e+02; 5,91701000e-01; -1,50850249e-01; 2,53792886e-01
1,06200000e+02; 5,93420176e-01; -1,50051430e-01; 2,54960739e-01
1,06400000e+02; 5,95653327e-01; -1,50566864e-01; 2,56319197e-01
1,06600000e+02; 5,96102977e-01; -1,51607699e-01; 2,55795016e-01
1,06800000e+02; 5,97187387e-01; -1,51186992e-01; 2,56174685e-01
1,07000000e+02; 5,99662523e-01; -1,51748816e-01; 2,56532483e-01
1,07200000e+02; 6,00918414e-01; -1,51702665e-01; 2,56853031e-01
1,07400000e+02; 6,03653987e-01; -1,53056127e-01; 2,59532278e-01
1,07600000e+02; 6,04258251e-01; -1,52675310e-01; 2,57528782e-01
1,07800000e+02; 6,06373772e-01; -1,52888893e-01; 2,59959685e-01
1,08000000e+02; 6,07370411e-01; -1,53442922e-01; 2,59716732e-01
1,08200000e+02; 6,09023614e-01; -1,53657893e-01; 2,61777387e-01
1,08400000e+02; 6,10678065e-01; -1,54484792e-01; 2,61788568e-01
1,08600000e+02; 6,12045654e-01; -1,55323246e-01; 2,61945920e-01
1,08800000e+02; 6,13747548e-01; -1,54784829e-01; 2,62693139e-01
1,09000000e+02; 6,15911701e-01; -1,55233336e-01; 2,63551047e-01
1,09200000e+02; 6,16953198e-01; -1,56925729e-01; 2,65177398e-01
1,09400000e+02; 6,18751028e-01; -1,56419800e-01; 2,64078452e-01
1,09600000e+02; 6,19767711e-01; -1,56313420e-01; 2,65489229e-01
1,09800000e+02; 6,22233687e-01; -1,57252087e-01; 2,66740520e-01
1,10000000e+02; 6,24127895e-01; -1,57527724e-01; 2,67456442e-01
1,10200000e+02; 6,25578146e-01; -1,57317668e-01; 2,66963948e-01
1,10400000e+02; 6,27121986e-01; -1,58186132e-01; 2,68856719e-01
1,10600000e+02; 6,28306633e-01; -1,58210150e-01; 2,68065408e-01
1,10800000e+02; 6,30310986e-01; -1,58460347e-01; 2,69800075e-01
1,11000000e+02; 6,32086547e-01; -1,58884548e-01; 2,71972491e-01
1,11200000e+02; 6,33265316e-01; -1,59776507e-01; 2,71542625e-01
1,11400000e+02; 6,34442403e-01; -1,59331925e-01; 2,72243002e-01
1,11600000e+02; 6,37272754e-01; -1,60347365e-01; 2,71736607e-01
1,11800000e+02; 6,38200629e-01; -1,60639335e-01; 2,72430781e-01
1,12000000e+02; 6,39425737e-01; -1,60520784e-01; 2,73465221e-01
1,12200000e+02; 6,41657192e-01; -1,61159830e-01; 2,75258553e-01
1,12400000e+02; 6,44134459e-01; -1,62353992e-01; 2,75651210e-01
1,12600000e+02; 6,45349131e-01; -1,62498913e-01; 2,76839184e-01
1,12800000e+02; 6,45784312e-01; -1,63122495e-01; 2,76611400e-01
1,13000000e+02; 6,47797302e-01; -1,62627654e-01; 2,77270242e-01
1,13200000e+02; 6,49573425e-01; -1,63008330e-01; 2,78288303e-01
1,13400000e+02; 6,51775087e-01; -1,64411095e-01; 2,79294779e-01
1,13600000e+02; 6,54039346e-01; -1,63588986e-01; 2,81489213e-01
1,13800000e+02; 6,55860414e-01; -1,63831715e-01; 2,82510260e-01
1,14000000e+02; 6,56759375e-01; -1,64482092e-01; 2,80347376e-01
1,14200000e+02; 6,58702549e-01; -1,65228426e-01; 2,82592557e-01
1,14400000e+02; 6,59317745e-01; -1,65367447e-01; 2,83173142e-01
1,14600000e+02; 6,61810338e-01; -1,65740080e-01; 2,82269412e-01
1,14800000e+02; 6,63181515e-01; -1,66083392e-01; 2,84638590e-01
1,15000000e+02; 6,65401281e-01; -1,66531340e-01; 2,85239451e-01
1,15200000e+02; 6,66392968e-01; -1,66888391e-01; 2,84416306e-01
1,15400000e+02; 6,68622397e-01; -1,67619047e-01; 2,85384908e-01
1,15600000e+02; 6,69986857e-01; -1,68476742e-01; 2,86750121e-01
1,15800000e+02; 6,71377739e-01; -1,68710385e-01; 2,87315568e-01
1,16000000e+02; 6,73748919e-01; -1,68914851e-01; 2,88375599e-01
1,16200000e+02; 6,75075447e-01; -1,68386732e-01; 2,88329760e-01
1,16400000e+02; 6,76205478e-01; -1,69027594e-01; 2,89560696e-01
1,16600000e+02; 6,78607937e-01; -1,69209023e-01; 2,91031135e-01
1,16800000e+02; 6,80812558e-01; -1,69815055e-01; 2,91814394e-01
1,17000000e+02; 6,80466428e-01; -1,70237230e-01; 2,91871579e-01
1,17200000e+02; 6,83415672e-01; -1,71448827e-01; 2,91524059e-01
1,17400000e+02; 6,85057984e-01; -1,71210239e-01; 2,95175474e-01
1,17600000e+02; 6,86237275e-01; -1,71143550e-01; 2,94355154e-01
1,17800000e+02; 6,89126354e-01; -1,72040411e-01; 2,93853570e-01
1,18000000e+02; 6,90497404e-01; -1,71806372e-01; 2,95573504e-01
1,18200000e+02; 6,91746843e-01; -1,72765957e-01; 2,95988545e-01
1,18400000e+02; 6,93103526e-01; -1,72743647e-01; 2,97320370e-01
1,18600000e+02; 6,95256409e-01; -1,73884694e-01; 2,97091933e-01
1,18800000e+02; 6,95682840e-01; -1,74582017e-01; 2,98343547e-01
1,19000000e+02; 6,98282542e-01; -1,73969772e-01; 2,99768478e-01
1,19200000e+02; 7,00061934e-01; -1,73638238e-01; 2,99299627e-01
1,19400000e+02; 7,00728005e-01; -1,74881977e-01; 2,99147809e-01
1,19600000e+02; 7,02895762e-01; -1,74905649e-01; 3,01838315e-01
1,19800000e+02; 7,04257689e-01; -1,76062051e-01; 3,01472000e-01
1,20000000e+02; 7,06437940e-01; -1,75474484e-01; 3,02782810e-01
1,20200000e+02; 7,08837151e-01; -1,74223809e-01; 3,04689872e-01
1,20400000e+02; 7,09313306e-01; -1,75411095e-01; 3,04012016e-01
1,20600000e+02; 7,12626929e-01; -1,77123645e-01; 3,04635796e-01
1,20800000e+02; 7,13890947e-01; -1,77442503e-01; 3,07555086e-01
1,21000000e+02; 7,14248798e-01; -1,77934320e-01; 3,06477626e-01
1,21200000e+02; 7,17178697e-01; -1,76963153e-01; 3,06669057e-01
1,21400000e+02; 7,18142886e-01; -1,79267637e-01; 3,07789047e-01
1,21600000e+02; 7,20664931e-01; -1,78375877e-01; 3,09826056e-01
1,21800000e+02; 7,21954791e-01; -1,79749587e-01; 3,11016828e-01
1,22000000e+02; 7,24344774e-01; -1,80172256e-01; 3,09371908e-01
1,22200000e+02; 7,25909816e-01; -1,79326799e-01; 3,11749425e-01
1,22400000e+02; 7,27935814e-01; -1,79840093e-01; 3,13394583e-01
1,22600000e+02; 7,30183690e-01; -1,80409630e-01; 3,12999195e-01
1,22800000e+02; 7,31429387e-01; -1,81864578e-01; 3,13041328e-01
1,23000000e+02; 7,33007685e-01; -1,81557837e-01; 3,14618952e-01
1,23200000e+02; 7,35171676e-01; -1,81659758e-01; 3,15730856e-01
1,23400000e+02; 7,36556956e-01; -1,82501815e-01; 3,16208837e-01
1,23600000e+02; 7,38488089e-01; -1,82162791e-01; 3,15801765e-01
1,23800000e+02; 7,40165953e-01; -1,82933778e-01; 3,16566373e-01
1,24000000e+02; 7,42248702e-01; -1,82917983e-01; 3,18237402e-01
1,24200000e+02; 7,43310004e-01; -1,83196314e-01; 3,18513590e-01
1,24400000e+02; 7,45573758e-01; -1,84185373e-01; 3,20744381e-01
1,24600000e+02; 7,46196485e-01; -1,84641463e-01; 3,21345116e-01
1,24800000e+02; 7,48974667e-01; -1,84249389e-01; 3,22417729e-01
1,25000000e+02; 7,50380910e-01; -1,85267477e-01; 3,22815135e-01
1,25200000e+02; 7,52331440e-01; -1,85963411e-01; 3,23672982e-01
1,25400000e+02; 7,53871555e-01; -1,85505988e-01; 3,24864098e-01
1,25600000e+02; 7,55961117e-01; -1,86047254e-01; 3,24261204e-01
1,25800000e+02; 7,57645543e-01; -1,86823389e-01; 3,24604232e-01
1,26000000e+02; 7,59892477e-01; -1,86996874e-01; 3,26499305e-01
1,26200000e+02; 7,61222839e-01; -1,87580047e-01; 3,26797682e-01
1,26400000e+02; 7,62484994e-01; -1,87180075e-01; 3,26050621e-01
1,26600000e+02; 7,64664702e-01; -1,87926770e-01; 3,28077602e-01
1,26800000e+02; 7,67060179e-01; -1,88385280e-01; 3,29251730e-01
1,27000000e+02; 7,68560773e-01; -1,88010863e-01; 3,28434077e-01
1,27200000e+02; 7,70690625e-01; -1,88084349e-01; 3,30043250e-01
1,27400000e+02; 7,72722464e-01; -1,89823720e-01; 3,30590851e-01
1,27600000e+02; 7,73835501e-01; -1,90001382e-01; 3,31197322e-01
1,27800000e+02; 7,76325396e-01; -1,90525674e-01; 3,33415992e-01
1,28000000e+02; 7,76653634e-01; -1,90511250e-01; 3,33563065e-01
1,28200000e+02; 7,79215504e-01; -1,90905189e-01; 3,33152609e-01
1,28400000e+02; 7,81266815e-01; -1,90844169e-01; 3,34074881e-01
1,28600000e+02; 7,82767722e-01; -1,92004020e-01; 3,37247318e-01
1,28800000e+02; 7,85131693e-01; -1,92068153e-01; 3,34950369e-01
1,29000000e+02; 7,87217351e-01; -1,92863677e-01; 3,38757832e-01
1,29200000e+02; 7,89083444e-01; -1,93199303e-01; 3,38352854e-01
1,29400000e+02; 7,90005150e-01; -1,92935904e-01; 3,37966311e-01
1,29600000e+02; 7,92214144e-01; -1,93710435e-01; 3,39960118e-01
1,29800000e+02; 7,94491651e-01; -1,94866578e-01; 3,40955065e-01
1,30000000e+02; 7,96848396e-01; -1,95784685e-01; 3,43369419e-01
1,30200000e+02; 7,98372129e-01; -1,96004089e-01; 3,42534835e-01
1,30400000e+02; 7,99956806e-01; -1,95812813e-01; 3,43238850e-01
1,30600000e+02; 8,01857721e-01; -1,95191906e-01; 3,43745545e-01
1,30800000e+02; 8,03008524e-01; -1,96013604e-01; 3,45448415e-01
1,31000000e+02; 8,05490007e-01; -1,95864946e-01; 3,44218812e-01
1,31200000e+02; 8,07864938e-01; -1,96886370e-01; 3,46134728e-01
1,31400000e+02; 8,09746643e-01; -1,95789892e-01; 3,46242718e-01
1,31600000e+02; 8,11414132e-01; -1,97324795e-01; 3,48532665e-01
1,31800000e+02; 8,13380512e-01; -1,97500825e-01; 3,49005373e-01
1,32000000e+02; 8,14254356e-01; -1,96898921e-01; 3,47331675e-01
1,32200000e+02; 8,16453938e-01; -1,98432885e-01; 3,51177362e-01
1,32400000e+02; 8,17954374e-01; -1,99299910e-01; 3,50662268e-01
1,32600000e+02; 8,20738418e-01; -1,98674770e-01; 3,51514963e-01
1,32800000e+02; 8,21340632e-01; -1,99795628e-01; 3,52356274e-01
1,33000000e+02; 8,23945742e-01; -1,99431651e-01; 3,53312438e-01
1,33200000e+02; 8,25880566e-01; -2,00585229e-01; 3,54907284e-01
1,33400000e+02; 8,27449354e-01; -2,00701631e-01; 3,53900487e-01
1,33600000e+02; 8,29203566e-01; -2,00691053e-01; 3,57148922e-01
1,33800000e+02; 8,31324688e-01; -2,00729126e-01; 3,56827097e-01
1,34000000e+02; 8,32529787e-01; -2,02304367e-01; 3,57699037e-01
1,34200000e+02; 8,34483065e-01; -2,02181903e-01; 3,58653357e-01
1,34400000e+02; 8,35967433e-01; -2,02844547e-01; 3,58618782e-01
1,34600000e+02; 8,39230923e-01; -2,03525289e-01; 3,60190287e-01
1,34800000e+02; 8,40158302e-01; -2,02746489e-01; 3,60134068e-01
1,35000000e+02; 8,42442490e-01; -2,03675977e-01; 3,60476780e-01
1,35200000e+02; 8,44212381e-01; -2,03887519e-01; 3,62771096e-01
1,35400000e+02; 8,46003551e-01; -2,05201542e-01; 3,64288583e-01
1,35600000e+02; 8,48161738e-01; -2,05166771e-01; 3,63358604e-01
1,35800000e+02; 8,49811122e-01; -2,05735313e-01; 3,64995113e-01
1,36000000e+02; 8,52532757e-01; -2,05869644e-01; 3,65767509e-01
1,36200000e+02; 8,53758516e-01; -2,06664729e-01; 3,65762421e-01
1,36400000e+02; 8,55671300e-01; -2,06951792e-01; 3,66860842e-01
1,36600000e+02; 8,57611455e-01; -2,06924289e-01; 3,66592654e-01
1,36800000e+02; 8,59928988e-01; -2,07244632e-01; 3,69300223e-01
1,37000000e+02; 8,62046710e-01; -2,08352940e-01; 3,68916523e-01
1,37200000e+02; 8,62466389e-01; -2,08630881e-01; 3,71637459e-01
1,37400000e+02; 8,65480576e-01; -2,08612611e-01; 3,71286862e-01
1,37600000e+02; 8,67710357e-01; -2,08901544e-01; 3,73104073e-01
1,37800000e+02; 8,68436887e-01; -2,09158458e-01; 3,73755163e-01
1,38000000e+02; 8,70520509e-01; -2,09668777e-01; 3,74263146e-01
1,38200000e+02; 8,71826893e-01; -2,10237892e-01; 3,75161604e-01
1,38400000e+02; 8,75051596e-01; -2,09919151e-01; 3,76374196e-01
1,38600000e+02; 8,76755748e-01; -2,09891270e-01; 3,77247755e-01
1,38800000e+02; 8,78453731e-01; -2,11507921e-01; 3,76514591e-01
1,39000000e+02; 8,80104340e-01; -2,10885164e-01; 3,78967491e-01
1,39200000e+02; 8,81904386e-01; -2,11112059e-01; 3,78983009e-01
1,39400000e+02; 8,84339988e-01; -2,13118746e-01; 3,81160434e-01
1,39600000e+02; 8,86411497e-01; -2,12479276e-01; 3,81639275e-01
1,39800000e+02; 8,88118128e-01; -2,13828906e-01; 3,81528080e-01
1,40000000e+02; 8,90187931e-01; -2,13057226e-01; 3,84077924e-01
1,40200000e+02; 8,91693485e-01; -2,14358461e-01; 3,82912215e-01
1,40400000e+02; 8,93785809e-01; -2,14529047e-01; 3,84957681e-01
1,40600000e+02; 8,95707570e-01; -2,14106564e-01; 3,85406839e-01
1,40800000e+02; 8,97359902e-01; -2,14372399e-01; 3,87307357e-01
1,41000000e+02; 8,99211345e-01; -2,15752186e-01; 3,86958292e-01
1,41200000e+02; 9,00926868e-01; -2,15541465e-01; 3,88286502e-01
1,41400000e+02; 9,02748427e-01; -2,15766296e-01; 3,89342276e-01
1,41600000e+02; 9,04560618e-01; -2,16456614e-01; 3,90262503e-01
1,41800000e+02; 9,07258422e-01; -2,16162643e-01; 3,90436025e-01
1,42000000e+02; 9,09037822e-01; -2,16042940e-01; 3,91896805e-01
1,42200000e+02; 9,10249785e-01; -2,17173875e-01; 3,91524229e-01
1,42400000e+02; 9,12215330e-01; -2,17565937e-01; 3,92597266e-01
1,42600000e+02; 9,14081234e-01; -2,18454087e-01; 3,92660018e-01
1,42800000e+02; 9,16275572e-01; -2,19006285e-01; 3,93819962e-01
1,43000000e+02; 9,18488062e-01; -2,18636590e-01; 3,94719207e-01
1,43200000e+02; 9,20016921e-01; -2,19493550e-01; 3,93721134e-01
1,43400000e+02; 9,21923174e-01; -2,18908586e-01; 3,95316027e-01
1,43600000e+02; 9,24260590e-01; -2,20838103e-01; 3,97781801e-01
1,43800000e+02; 9,25859643e-01; -2,19819449e-01; 3,98337736e-01
1,44000000e+02; 9,27655847e-01; -2,20253642e-01; 3,98124586e-01
1,44200000e+02; 9,28014391e-01; -2,19944675e-01; 3,98343432e-01
1,44400000e+02; 9,30514038e-01; -2,21245300e-01; 3,99819921e-01
1,44600000e+02; 9,32501148e-01; -2,19760531e-01; 3,99594799e-01
1,44800000e+02; 9,32475486e-01; -2,19675156e-01; 4,01663170e-01
1,45000000e+02; 9,32746534e-01; -2,21404376e-01; 3,99149782e-01
1,45200000e+02; 2,18279599e-01; -4,44862059e-02; 9,93885716e-02
1,45400000e+02; 1,77631359e-01; -4,19525446e-02; 8,46679376e-02
1,45600000e+02; 1,63194067e-01; -2,13746161e-02; 7,78890966e-02
1,45800000e+02; 1,63668267e-01; -3,79031271e-02; 7,60889295e-02
1,46000000e+02; 1,44899297e-01; -4,06690728e-02; 7,05840512e-02
1,46200000e+02; 1,39325581e-01; -4,14998388e-02; 6,70769523e-02
1,46400000e+02; 1,35136711e-01; -2,99447181e-02; 6,72298342e-02
1,46600000e+02; 1,23501036e-01; -2,60482914e-02; 6,58637239e-02
1,46800000e+02; 1,17222336e-01; -4,15754906e-02; 6,12290863e-02
1,47000000e+02; 1,25886531e-01; -3,25901624e-02; 6,54841486e-02
1,47200000e+02; 1,09682231e-01; -3,58726802e-02; 6,36307901e-02
1,47400000e+02; 1,18856470e-01; -5,07524789e-02; 6,29882380e-02
1,47600000e+02; 1,27913631e-01; -2,80127778e-02; 5,76142494e-02
1,47800000e+02; 1,22172763e-01; -3,27087411e-02; 6,15076102e-02
1,48000000e+02; 1,03779596e-01; -3,49822732e-02; 6,02453880e-02
1,48200000e+02; 1,17559391e-01; -2,72647056e-02; 5,73247876e-02
1,48400000e+02; 1,09363333e-01; -2,96791999e-02; 5,66652741e-02
1,48600000e+02; 9,90024555e-02; -2,48297404e-02; 5,58558277e-02
